C
11
0 0 0 0 0 0 0 0 0 0 0 
0.01053492793266587 0.010527617430581717 0.013953595676891249 0.023327156714331273 0.030104478632438713 0.03771145247516435 0.03268725847749632 0.024184653756483262 0.013986862254750614 0.012660569259499896 0.011771857543090602 
0.02568065627325699 0.026355743664104404 0.027820888242539962 0.031393406750393905 0.03993682965029849 0.04776849739442141 0.04022755161693379 0.031412089300130765 0.027592526580470175 0.02597282196146546 0.025200594489712166 
0.015403678202222444 0.01582564453195277 0.024964290504479524 0.028937948163754734 0.03776618879894357 0.0445240592362941 0.036687359868119725 0.028756058750808503 0.02556788678831242 0.024324131653708482 0.023786384401944628 
0.005230533172528336 0.004091181562993991 0.009384383075424484 0.014858499855642887 0.022096272843918324 0.024201195781632018 0.01827872862665314 0.009429963450653967 0.007449575862372496 0.007586973932354278 0.007634262630581104 
0 0 0 0 0 0 0 0 0 0 0 
-0.005230533172528336 -0.004091181562993991 -0.009384383075424484 -0.014858499855642887 -0.022096272843918324 -0.024201195781632018 -0.01827872862665314 -0.009429963450653967 -0.007449575862372496 -0.007586973932354278 -0.007634262630581104 
-0.015403678532411043 -0.015825644053747145 -0.024964289091955024 -0.02893794747603655 -0.037766187860092434 -0.04452405825021097 -0.03668736174002205 -0.0287560586045459 -0.025567886891290158 -0.024324132112700396 -0.02378638485602789 
-0.025680656791909236 -0.026355742849059047 -0.027820887736875452 -0.03139340790328972 -0.03993682975573354 -0.047768496796299506 -0.04022755137891931 -0.03141208838648363 -0.02759252698350536 -0.02597282224479715 -0.025200594053612503 
-0.01053492793266587 -0.010527617430581717 -0.013953595676891249 -0.023327156714331273 -0.030104478632438713 -0.03771145247516435 -0.03268725847749632 -0.024184653756483262 -0.013986862254750614 -0.012660569259499896 -0.011771857543090602 
0 0 0 0 0 0 0 0 0 0 0 

C
11
0 0 0 0 0 0 0 0 0 0 0 
0.009839651220025414 0.011694510379504992 0.013753011599068183 0.01680367279321158 0.026968787608357976 0.03685739857804012 0.02636887242263065 0.013945549106336868 0.011555286475733001 0.008432091026501084 0.007960395644524025 
0.01728433358044139 0.01812606098349796 0.01934049779152958 0.022430781649893265 0.03592360372080417 0.046379108194336646 0.04116411956895484 0.011088692271519675 0.007033868840986865 0.005046968898487063 0.003968140225559483 
0.004837543977263199 0.010035063557287895 0.015423643791560538 0.019060403203370383 0.033575163633007915 0.04393870199586415 0.03802347915383163 0.009634188889937076 0.005814013589884559 0.0040116560493250715 0.0030575770403997206 
0.007256585850253931 0.010730226525652399 0.013232555161768593 0.01565683084048407 0.020955553964308336 0.025282858532990313 0.015493117481676207 0.003954621058225337 0.0023973978255903776 0.0015994616955789125 0.0011866235001593325 
0 0 0 0 0 0 0 0 0 0 0 
-0.007256585850253931 -0.010730226525652399 -0.013232555161768593 -0.01565683084048407 -0.020955553964308336 -0.025282858532990313 -0.015493117481676207 -0.003954621058225337 -0.0023973978255903776 -0.0015994616955789125 -0.0011866235001593325 
-0.004837544249152496 -0.010035063559958974 -0.015423643849875409 -0.019060403584687264 -0.033575162910913184 -0.043938702102906554 -0.03802347987590423 -0.0096341878811717 -0.0058140138174421286 -0.0040116560842812675 -0.003057576093987548 
-0.017284333223265017 -0.018126061976480902 -0.019340498391183333 -0.02243078073371504 -0.03592360347538355 -0.046379107185875026 -0.041164120091729164 -0.01108869221285199 -0.007033869660616206 -0.005046966522793944 -0.003968141067741404 
-0.009839651220025414 -0.011694510379504992 -0.013753011599068183 -0.01680367279321158 -0.026968787608357976 -0.03685739857804012 -0.02636887242263065 -0.013945549106336868 -0.011555286475733001 -0.008432091026501084 -0.007960395644524025 
0 0 0 0 0 0 0 0 0 0 0 

C
11
0 0 0 0 0 0 0 0 0 0 0 
0.01250348412257583 0.012975869269900403 0.013818816070917265 0.015608531590439928 0.022820370868139348 0.03883179712312206 0.03052415968278638 0.01850380494382346 0.01352983129758513 0.012281740452187563 0.011330122118670582 
0.013933232129341444 0.014689109819875059 0.01580604126807717 0.021470373331858948 0.03655513851015448 0.04670154828401398 0.03619593221999571 0.011184302167964703 0.006230247666127254 0.004203942931345736 0.002882125001553378 
0.01369457494880687 0.014236165034254135 0.014952040365670726 0.02028227104679105 0.032865391527416826 0.04579860661811623 0.03465513986043053 0.01030157919191789 0.005412961696404882 0.003565264555214878 0.0027319201031859803 
0.012023765125857167 0.012139502708377542 0.012992127419486079 0.013658022428062938 0.023540710709099445 0.027944422048359077 0.019367123367768416 0.0055147813543624255 0.00243072616954432 0.0014312873862800648 -0.0014044827903317888 
0 0 0 0 0 0 0 0 0 0 0 
-0.012023765125857167 -0.012139502708377542 -0.012992127419486079 -0.013658022428062938 -0.023540710709099445 -0.027944422048359077 -0.019367123367768416 -0.0055147813543624255 -0.00243072616954432 -0.0014312873862800648 0.0014044827903317888 
-0.013694575872770115 -0.014236164895075476 -0.014952041143570356 -0.02028226932447965 -0.03286539121679183 -0.04579860614817842 -0.0346551392663032 -0.010301579071231925 -0.005412961534628795 -0.003565264685643978 -0.0027319201945133435 
-0.013933232419453509 -0.014689107140396798 -0.015806040789477727 -0.02147037217489202 -0.036555138824908795 -0.046701546305587496 -0.0361959321361543 -0.011184302114769552 -0.0062302477400904355 -0.004203942829750018 -0.0028821246043924664 
-0.01250348412257583 -0.012975869269900403 -0.013818816070917265 -0.015608531590439928 -0.022820370868139348 -0.03883179712312206 -0.03052415968278638 -0.01850380494382346 -0.01352983129758513 -0.012281740452187563 -0.011330122118670582 
0 0 0 0 0 0 0 0 0 0 0 

