C
20
0 0 0 0 0 0 0 0 0 0 0 0 0 0 0 0 0 0 0 0 
-8.651573404979914e-08 -1.6491642340660572e-07 -3.3766857472185386e-07 -7.545313631495045e-07 -1.8777336606252521e-06 -5.334872495731546e-06 -1.7720941915246307e-05 -6.82707630618444e-05 -0.0002563098543127492 -0.0005008493530137555 -0.00021490615819309106 6.098584700146296e-06 1.4717417378919724e-05 6.059134529687904e-06 2.3236315873552105e-06 9.525235468494838e-07 4.2518602815002394e-07 2.0550415859058737e-07 1.0645055963237319e-07 5.849398000707402e-08 
-1.28348707915488e-07 -2.43781631114972e-07 -4.972277647624682e-07 -1.1054096704364415e-06 -2.7341696024681886e-06 -7.709668054466188e-06 -2.5403188120756793e-05 -9.759232853143691e-05 -0.00037545246859660864 -0.0007709703187858013 -0.0002901871299306033 3.561527327463963e-05 2.8701717703830328e-05 1.067709783250845e-05 3.930920656679802e-06 1.5759385585838318e-06 6.936429680515856e-07 3.320177317116575e-07 1.7074510739429093e-07 9.333434887934676e-08 
-1.0730877007688628e-07 -2.0259042040093987e-07 -4.105769825557082e-07 -9.052425592088299e-07 -2.2150788466454593e-06 -6.160955014635142e-06 -1.995599690845534e-05 -7.54255474070384e-05 -0.0002924510792449459 -0.0006210807457481761 -0.00014822819815397614 7.62238575994829e-05 3.450236911838585e-05 1.1396569511030365e-05 3.98031331617041e-06 1.5486261196817532e-06 6.685065310654078e-07 3.1566981553488954e-07 1.607208545759427e-07 8.717059230996426e-08 
-3.9696949791285925e-08 -7.447684063800971e-08 -1.4948112145337635e-07 -3.259840923117926e-07 -7.856428281097484e-07 -2.1399856736783386e-06 -6.731687191230605e-06 -2.4395517296728544e-05 -8.929538641217734e-05 -0.00016364408063946755 3.682724655087181e-05 5.741607389963613e-05 1.8652768150877294e-05 5.547985656929818e-06 1.8397593164773153e-06 6.939754531472609e-07 2.9343275089268794e-07 1.3651808421417031e-07 6.872622817576718e-08 3.695320410067703e-08 
3.6923991970002955e-08 6.871571797823335e-08 1.3650627979494468e-07 2.934315114009582e-07 6.939909375751383e-07 1.8398399602022023e-06 5.54793246147012e-06 1.86527577985188e-05 5.74160867220613e-05 3.6827247135461575e-05 -0.00016364407179346062 -8.929539887214606e-05 -2.439551075411307e-05 -6.731749706353241e-06 -2.140150587185271e-06 -7.857261086332492e-07 -3.2599678316982196e-07 -1.4957363372403268e-07 -7.452417080912291e-08 -3.971914437598282e-08 
8.714284029266016e-08 1.60691988150251e-07 3.156342781019871e-07 6.684937456849431e-07 1.5486180597019648e-06 3.980341850542155e-06 1.139654134716278e-05 3.450240964246693e-05 7.622386358482478e-05 -0.0001482281767122729 -0.0006210807408827822 -0.0002924511161898986 -7.542561362107346e-05 -1.995597810063533e-05 -6.161004381688488e-06 -2.215234810209488e-06 -9.05331079574315e-07 -4.106184825492509e-07 -2.027440852483194e-07 -1.073528382303609e-07 
9.330467925742644e-08 1.7071372484833373e-07 3.3199814623808943e-07 6.936050665781739e-07 1.575868292937175e-06 3.930829879597971e-06 1.0677071190896104e-05 2.8701701873611255e-05 3.5615292610918857e-05 -0.00029018710875420683 -0.0007709703096865212 -0.0003754524366328168 -9.759235871654225e-05 -2.5403185862630015e-05 -7.709657906381845e-06 -2.7341743753298443e-06 -1.1055119435736368e-06 -4.972299781001741e-07 -2.438594224273271e-07 -1.2837540406232674e-07 
5.847347894596465e-08 1.0642401898448869e-07 2.0548256859175454e-07 4.251597336375647e-07 9.524934473065728e-07 2.3236117386560305e-06 6.059122354346324e-06 1.4717411773182278e-05 6.098587915796062e-06 -0.0002149061472282411 -0.0005008493723578322 -0.0002563098683447294 -6.827075700462668e-05 -1.772093819280279e-05 -5.3348612602212425e-06 -1.877741575441278e-06 -7.545359610858469e-07 -3.3766084471639517e-07 -1.6492244739104833e-07 -8.65207653318259e-08 
0 0 0 0 0 0 0 0 0 0 0 0 0 0 0 0 0 0 0 0 
0 0 0 0 0 0 0 0 0 0 0 0 0 0 0 0 0 0 0 0 
-5.847347894596465e-08 -1.0642401898448869e-07 -2.0548256859175454e-07 -4.251597336375647e-07 -9.524934473065728e-07 -2.3236117386560305e-06 -6.059122354346324e-06 -1.4717411773182278e-05 -6.098587915796062e-06 0.0002149061472282411 0.0005008493723578322 0.0002563098683447294 6.827075700462668e-05 1.772093819280279e-05 5.3348612602212425e-06 1.877741575441278e-06 7.545359610858469e-07 3.3766084471639517e-07 1.6492244739104833e-07 8.65207653318259e-08 
-9.330467925742644e-08 -1.7071372484833373e-07 -3.3199814623808943e-07 -6.936050665781739e-07 -1.575868292937175e-06 -3.930829879597971e-06 -1.0677071190896104e-05 -2.8701701873611255e-05 -3.5615292610918857e-05 0.00029018710875420683 0.0007709703096865212 0.0003754524366328168 9.759235871654225e-05 2.5403185862630015e-05 7.709657906381845e-06 2.7341743753298443e-06 1.1055119435736368e-06 4.972299781001741e-07 2.438594224273271e-07 1.2837540406232674e-07 
-8.71345209422462e-08 -1.6068989608107856e-07 -3.1561377047744004e-07 -6.684547416439315e-07 -1.5485518881071525e-06 -3.980256656996913e-06 -1.1396510150324007e-05 -3.450234787192781e-05 -7.622386527744459e-05 0.00014822820350985516 0.000621080761114011 0.00029245110251350896 7.542560648421016e-05 1.9956009650025543e-05 6.161005435341517e-06 2.21525119211306e-06 9.053368391911132e-07 4.106444872923882e-07 2.027270123108618e-07 1.073340920921062e-07 
-3.692850750651674e-08 -6.872732057863477e-08 -1.3650311997091564e-07 -2.93433100207179e-07 -6.939954114238612e-07 -1.8399720636790847e-06 -5.547943314038076e-06 -1.8652763239410245e-05 -5.741608314303256e-05 -3.6827247233520554e-05 0.0001636440799372478 8.929540273957244e-05 2.4395535295191974e-05 6.73174414552328e-06 2.140150880012094e-06 7.857377879744787e-07 3.260396142456593e-07 1.4955394769472473e-07 7.450612201477894e-08 3.9709528976802754e-08 
3.96985215786761e-08 7.451397222367027e-08 1.4955256327698172e-07 3.25862584633675e-07 7.85531007487973e-07 2.1400677479354167e-06 6.731691574210712e-06 2.4395516915038035e-05 8.929537939543687e-05 0.00016364406872402634 -3.682724622878222e-05 -5.741607813959281e-05 -1.8652765730286982e-05 -5.547920946532625e-06 -1.8397274820428631e-06 -6.939663692085354e-07 -2.9341799818789084e-07 -1.365178122502643e-07 -6.873194930560341e-08 -3.695480833925683e-08 
1.0730877007688628e-07 2.0259042040093987e-07 4.105769825557082e-07 9.052425592088299e-07 2.2150788466454593e-06 6.160955014635142e-06 1.995599690845534e-05 7.54255474070384e-05 0.0002924510792449459 0.0006210807457481761 0.00014822819815397614 -7.62238575994829e-05 -3.450236911838585e-05 -1.1396569511030365e-05 -3.98031331617041e-06 -1.5486261196817532e-06 -6.685065310654078e-07 -3.1566981553488954e-07 -1.607208545759427e-07 -8.717059230996426e-08 
1.28348707915488e-07 2.43781631114972e-07 4.972277647624682e-07 1.1054096704364415e-06 2.7341696024681886e-06 7.709668054466188e-06 2.5403188120756793e-05 9.759232853143691e-05 0.00037545246859660864 0.0007709703187858013 0.0002901871299306033 -3.561527327463963e-05 -2.8701717703830328e-05 -1.067709783250845e-05 -3.930920656679802e-06 -1.5759385585838318e-06 -6.936429680515856e-07 -3.320177317116575e-07 -1.7074510739429093e-07 -9.333434887934676e-08 
8.652353233219643e-08 1.6491794708824647e-07 3.376641244714531e-07 7.545175099305587e-07 1.8777340880564474e-06 5.334883621294512e-06 1.7720925020506336e-05 6.827076376395447e-05 0.0002563098759356643 0.0005008493513486242 0.00021490620573093224 -6.098590695993883e-06 -1.4717424584178408e-05 -6.059137879259351e-06 -2.3236327508620353e-06 -9.525239615909834e-07 -4.2518279296295927e-07 -2.0549922105858695e-07 -1.064439852595834e-07 -5.8495133943028384e-08 
0 0 0 0 0 0 0 0 0 0 0 0 0 0 0 0 0 0 0 0 

C
20
0 0 0 0 0 0 0 0 0 0 0 0 0 0 0 0 0 0 0 0 
-1.8123857628347326e-06 -3.224503258505199e-06 -6.1584815023315164e-06 -1.2856209707999596e-05 -3.005602055025094e-05 -8.118553614848354e-05 -0.00026115545495372487 -0.000985303465898424 -0.003736062409388314 -0.009806333961592478 -0.006485471764386598 -0.0015308400321468031 -0.0003897797565511989 -0.0001041062547782037 -3.770475181893616e-05 -1.4930170328482626e-05 -6.788960598033492e-06 -3.4327039920327106e-06 -1.884613910845232e-06 -1.1042228722052887e-06 
-3.2749057206470863e-06 -5.810016099167163e-06 -1.1062222444901205e-05 -2.301915004235686e-05 -5.3669928364699484e-05 -0.0001449461068026271 -0.0004705451822995645 -0.0018367627003805878 -0.007250990854418384 -0.0183993155768086 -0.013858867409167381 -0.003987136880617978 -0.0009072815457371984 -0.00023904087888480937 -7.80072817611871e-05 -3.053269817329063e-05 -1.3755623573982018e-05 -6.901799077883715e-06 -3.7645278656207975e-06 -2.1934751911698286e-06 
-4.147441791465605e-06 -7.3244169930002065e-06 -1.387492181139446e-05 -2.8714511523136745e-05 -6.659195016799752e-05 -0.00017926302762698103 -0.0005856054428233129 -0.002374512315215454 -0.009977588311304825 -0.023965489133775164 -0.021477191675375755 -0.006732923429630189 -0.0014771558991199271 -0.00037611007306187396 -0.00012009322468099958 -4.628753623663973e-05 -2.0601487994176004e-05 -1.023228607559349e-05 -5.533054736703007e-06 -3.1999923781468026e-06 
-4.356729390135765e-06 -7.647403327489535e-06 -1.4388080806139966e-05 -2.9549892105744587e-05 -6.796067966381592e-05 -0.00018144848586717116 -0.0005902846724534533 -0.0024367212142288397 -0.010989248506366851 -0.026335134895799216 -0.02592336490454774 -0.009599208458351046 -0.002057553021256446 -0.0005059605165333613 -0.00015800706602745338 -5.995411443593934e-05 -2.6354637970199806e-05 -1.2953689285387746e-05 -6.941842158477117e-06 -3.9834649040423235e-06 
-3.9834515575289945e-06 -6.941835123615778e-06 -1.295362562923632e-05 -2.6354540795651874e-05 -5.995382747588751e-05 -0.00015800633598223181 -0.0005059581046317186 -0.0020575451635309683 -0.009599194169732332 -0.025923382783623272 -0.026335165569659112 -0.010989255703317463 -0.0024367269204177053 -0.0005902866734752481 -0.00018144922607436396 -6.796093783730843e-05 -2.9549986050089214e-05 -1.4388114121749548e-05 -7.647408754917119e-06 -4.356760339806507e-06 
-3.1999576110826195e-06 -5.532999707855729e-06 -1.02322305067113e-05 -2.0601417718697104e-05 -4.628740262017037e-05 -0.0001200926963987981 -0.00037610856345868395 -0.0014771503156300264 -0.00673291238092544 -0.021477247432106605 -0.023965552720321283 -0.009977600960003188 -0.002374516096534591 -0.0005856067123723456 -0.0001792634755802003 -6.659210911704892e-05 -2.8714625669395965e-05 -1.3874968161832742e-05 -7.324413380845597e-06 -4.147481564781803e-06 
-2.193465270273575e-06 -3.7645381335198638e-06 -6.901769884740565e-06 -1.3755592811696033e-05 -3.053267151554986e-05 -7.800726590081668e-05 -0.00023904067760517942 -0.0009072806473987961 -0.003987136259600142 -0.013858912410299263 -0.018399389532371076 -0.007251015410243434 -0.0018367665171179874 -0.0004705458277872952 -0.00014494628660567443 -5.3670018727553904e-05 -2.3019197626239224e-05 -1.1062265182749603e-05 -5.810048095140518e-06 -3.274934897872957e-06 
-1.1042195908191758e-06 -1.8846205055290825e-06 -3.432720253810398e-06 -6.78896343502471e-06 -1.4930184505753674e-05 -3.770486917985733e-05 -0.0001041006814547679 -0.0003897603114315806 -0.0015308397721699911 -0.006485492456205796 -0.009806384180376814 -0.0037360833105858694 -0.000985306635282472 -0.00026115592683364564 -8.118561654444892e-05 -3.0056055044081182e-05 -1.2856207675738352e-05 -6.158499298354102e-06 -3.224504238957817e-06 -1.8123968013803228e-06 
0 0 0 0 0 0 0 0 0 0 0 0 0 0 0 0 0 0 0 0 
0 0 0 0 0 0 0 0 0 0 0 0 0 0 0 0 0 0 0 0 
1.1042195908191758e-06 1.8846205055290825e-06 3.432720253810398e-06 6.78896343502471e-06 1.4930184505753674e-05 3.770486917985733e-05 0.0001041006814547679 0.0003897603114315806 0.0015308397721699911 0.006485492456205796 0.009806384180376814 0.0037360833105858694 0.000985306635282472 0.00026115592683364564 8.118561654444892e-05 3.0056055044081182e-05 1.2856207675738352e-05 6.158499298354102e-06 3.224504238957817e-06 1.8123968013803228e-06 
2.193465270273575e-06 3.7645381335198638e-06 6.901769884740565e-06 1.3755592811696033e-05 3.053267151554986e-05 7.800726590081668e-05 0.00023904067760517942 0.0009072806473987961 0.003987136259600142 0.013858912410299263 0.018399389532371076 0.007251015410243434 0.0018367665171179874 0.0004705458277872952 0.00014494628660567443 5.3670018727553904e-05 2.3019197626239224e-05 1.1062265182749603e-05 5.810048095140518e-06 3.274934897872957e-06 
3.199974099844723e-06 5.532995613843912e-06 1.0232248051635143e-05 2.0601424790956975e-05 4.6287341375956704e-05 0.0001200926984910535 0.0003761086835215856 0.001477150394956201 0.006732912461546567 0.021477247451937756 0.023965553046178784 0.009977600984566095 0.0023745160714695405 0.0005856067288478091 0.00017926350327304992 6.659210095891438e-05 2.8714633896842504e-05 1.3874958664131138e-05 7.324405199333028e-06 4.147471977350696e-06 
3.983460903721743e-06 6.9418251418022755e-06 1.2953635356461156e-05 2.6354567863428866e-05 5.995387496247048e-05 0.0001580062756146445 0.0005059581136871221 0.0020575451313091454 0.009599194127398153 0.02592338290763433 0.026335165742507622 0.010989255734836672 0.0024367270162687967 0.0005902866769005582 0.00018144928207756685 6.796091374304039e-05 2.9549977849671316e-05 1.4388143664342204e-05 7.647415293670641e-06 4.35678030870807e-06 
4.356743410634644e-06 7.647393545935265e-06 1.438807728026845e-05 2.9549876379049806e-05 6.796067529026952e-05 0.00018144846334886534 0.0005902846625147136 0.00243672119033129 0.010989248528156293 0.026335134685783163 0.02592336474638739 0.009599208598634118 0.002057553165795481 0.0005059604189109937 0.00015800713804521235 5.995415860490134e-05 2.635463809449061e-05 1.2953699986030254e-05 6.94183667937943e-06 3.9834929311664944e-06 
4.147441791465605e-06 7.3244169930002065e-06 1.387492181139446e-05 2.8714511523136745e-05 6.659195016799752e-05 0.00017926302762698103 0.0005856054428233129 0.002374512315215454 0.009977588311304825 0.023965489133775164 0.021477191675375755 0.006732923429630189 0.0014771558991199271 0.00037611007306187396 0.00012009322468099958 4.628753623663973e-05 2.0601487994176004e-05 1.023228607559349e-05 5.533054736703007e-06 3.1999923781468026e-06 
3.2749057206470863e-06 5.810016099167163e-06 1.1062222444901205e-05 2.301915004235686e-05 5.3669928364699484e-05 0.0001449461068026271 0.0004705451822995645 0.0018367627003805878 0.007250990854418384 0.0183993155768086 0.013858867409167381 0.003987136880617978 0.0009072815457371984 0.00023904087888480937 7.80072817611871e-05 3.053269817329063e-05 1.3755623573982018e-05 6.901799077883715e-06 3.7645278656207975e-06 2.1934751911698286e-06 
1.812383811126235e-06 3.2245044274846865e-06 6.158489528222564e-06 1.2856207760798593e-05 3.0055999802243226e-05 8.118552402431754e-05 0.00026115547055942005 0.0009853035882921232 0.0037360624645204725 0.009806334014245069 0.006485471589253475 0.001530840165863822 0.0003897797452834707 0.00010410621922454295 3.770479920385692e-05 1.4930161918972816e-05 6.788920525243319e-06 3.4327275830797227e-06 1.8846082036451974e-06 1.1042200822466496e-06 
0 0 0 0 0 0 0 0 0 0 0 0 0 0 0 0 0 0 0 0 

C
20
0 0 0 0 0 0 0 0 0 0 0 0 0 0 0 0 0 0 0 0 
-2.1579838655317687e-06 -3.913706987629456e-06 -7.669281069270718e-06 -1.6584821627427867e-05 -3.807618762103729e-05 -0.00011057260963688732 -0.00038877724912563964 -0.0015921471013645035 -0.007277829739931615 -0.025442656949412664 -0.013761074961567877 -0.0024529930824282887 -0.000521981176132547 -0.0001303484581708559 -4.0438887105650854e-05 -1.5147931129381466e-05 -6.579744084454644e-06 -3.203682681283301e-06 -1.7056858917180106e-06 -9.304193829134316e-07 
-3.8794307855305855e-06 -7.01530574187125e-06 -1.3707717929992283e-05 -2.9576682822422186e-05 -7.265477186068619e-05 -0.00019789519388051287 -0.0007180243856834875 -0.003419405834926532 -0.01565593035305848 -0.03962053765962343 -0.03484914609575571 -0.006823495622086221 -0.0013257269196090722 -0.00029023487964307615 -8.654311729112518e-05 -3.376289991755927e-05 -1.4539279624416457e-05 -7.052177601453741e-06 -3.748095949150386e-06 -2.2865353020212893e-06 
-4.870918838324334e-06 -8.764652774748678e-06 -1.7036579766428873e-05 -3.657764662495283e-05 -8.958973101401455e-05 -0.00026243783460159066 -0.0009796415363552198 -0.00482293544819632 -0.023352660694570173 -0.04721616187383764 -0.04741119961936229 -0.01436843151965802 -0.002360514303643857 -0.0005358288291257299 -0.00015225564200072576 -5.446349458770495e-05 -2.474595889151917e-05 -1.193472557905009e-05 -6.323676969836277e-06 -3.6044636405210983e-06 
-5.0562396956537e-06 -9.034794770718806e-06 -1.7425005194330097e-05 -3.709397336423646e-05 -9.007886707687402e-05 -0.00026230916397575866 -0.0009864168686985165 -0.005153295294462124 -0.0268745555487104 -0.05117368196107336 -0.05113818378345961 -0.02404520420955224 -0.00414478376985533 -0.000813074332700174 -0.0002216637124013249 -7.756269007872474e-05 -3.24135096653778e-05 -1.541093074800419e-05 -8.072007557164469e-06 -4.556856190158911e-06 
-4.556851944665116e-06 -8.071981319302422e-06 -1.541086060896175e-05 -3.2413308360212645e-05 -7.756197835750291e-05 -0.00022166048800721866 -0.0008130555085475355 -0.00414466178976778 -0.02404473719385001 -0.05113764720384887 -0.051174166058148673 -0.026875084563441527 -0.0051534222264556714 -0.0009864373295152319 -0.0002623126397867928 -9.007958307270129e-05 -3.709417827474708e-05 -1.7425087789872065e-05 -9.034845666711119e-06 -5.056245722967956e-06 
-3.6044617926778803e-06 -6.323673797307687e-06 -1.1934684460230724e-05 -2.474579869552648e-05 -5.4457551473268585e-05 -0.00015224011686890251 -0.0005357783149409679 -0.002360394474313281 -0.014368387022606609 -0.04741070616089711 -0.04721649035812265 -0.023353132234494308 -0.004823034727759181 -0.0009796580545073427 -0.0002624407584060332 -8.959035424392377e-05 -3.657785667336597e-05 -1.7036663167460017e-05 -8.764679737774549e-06 -4.870922648360584e-06 
-2.2862417990975176e-06 -3.748112537730438e-06 -7.052141167539959e-06 -1.4539184481456616e-05 -3.376256080732654e-05 -8.65454915546202e-05 -0.000290238243899539 -0.0013256418203250432 -0.006823130814031037 -0.034848857788460474 -0.03962067806654649 -0.01565622265152747 -0.003419467001619937 -0.0007180358719671004 -0.00019789948367982823 -7.265519004086617e-05 -2.9576776751390868e-05 -1.3707770354371345e-05 -7.015370001680884e-06 -3.879456669741086e-06 
-9.304994071923709e-07 -1.7059474452695251e-06 -3.2036745790709997e-06 -6.579651399102599e-06 -1.5147698382684695e-05 -4.0438001510356186e-05 -0.00013034497285121648 -0.000521964436041779 -0.0024529145164109024 -0.013760998811222705 -0.02544267783923675 -0.007277952603306874 -0.0015921628670166623 -0.00038878197755799537 -0.0001105744419546184 -3.807709938064612e-05 -1.6584870068913075e-05 -7.669318669127086e-06 -3.913718939282005e-06 -2.158008073593739e-06 
0 0 0 0 0 0 0 0 0 0 0 0 0 0 0 0 0 0 0 0 
0 0 0 0 0 0 0 0 0 0 0 0 0 0 0 0 0 0 0 0 
9.304994071923709e-07 1.7059474452695251e-06 3.2036745790709997e-06 6.579651399102599e-06 1.5147698382684695e-05 4.0438001510356186e-05 0.00013034497285121648 0.000521964436041779 0.0024529145164109024 0.013760998811222705 0.02544267783923675 0.007277952603306874 0.0015921628670166623 0.00038878197755799537 0.0001105744419546184 3.807709938064612e-05 1.6584870068913075e-05 7.669318669127086e-06 3.913718939282005e-06 2.158008073593739e-06 
2.2862417990975176e-06 3.748112537730438e-06 7.052141167539959e-06 1.4539184481456616e-05 3.376256080732654e-05 8.65454915546202e-05 0.000290238243899539 0.0013256418203250432 0.006823130814031037 0.034848857788460474 0.03962067806654649 0.01565622265152747 0.003419467001619937 0.0007180358719671004 0.00019789948367982823 7.265519004086617e-05 2.9576776751390868e-05 1.3707770354371345e-05 7.015370001680884e-06 3.879456669741086e-06 
3.6044584748336946e-06 6.323641077139654e-06 1.1934716652435288e-05 2.47458080745383e-05 5.445763720687161e-05 0.00015224014071296775 0.0005357784417800102 0.0023603944631656435 0.014368387171212128 0.047410706160491714 0.047216490381262084 0.023353131866041044 0.004823034607986133 0.0009796581150669365 0.00026244072703926794 8.959045237837829e-05 3.657784715195733e-05 1.70366610370927e-05 8.764685117032694e-06 4.8709420263186835e-06 
4.556819890950098e-06 8.071943069344792e-06 1.5410859252691087e-05 3.241335537280141e-05 7.756192252736403e-05 0.00022166053421145422 0.000813055578092639 0.004144661890635816 0.024044737157316965 0.051137647286865165 0.051174166292781265 0.02687508438922521 0.005153422186794654 0.0009864373009869118 0.00026231264774601796 9.007959414727863e-05 3.7094217068422205e-05 1.7425101896577283e-05 9.034841121746084e-06 5.056269454768202e-06 
5.056237438993162e-06 9.034799319299557e-06 1.7425050595303294e-05 3.709403471702072e-05 9.007883285720959e-05 0.0002623090522318965 0.0009864168954327086 0.00515329550763653 0.026874555459386645 0.05117368254744529 0.051138184406197565 0.02404520404965772 0.0041447837681552495 0.0008130744016382693 0.0002216637778401624 7.75625989669898e-05 3.241352352961588e-05 1.5410923545325075e-05 8.071964821441674e-06 4.556856478782194e-06 
4.870918838324334e-06 8.764652774748678e-06 1.7036579766428873e-05 3.657764662495283e-05 8.958973101401455e-05 0.00026243783460159066 0.0009796415363552198 0.00482293544819632 0.023352660694570173 0.04721616187383764 0.04741119961936229 0.01436843151965802 0.002360514303643857 0.0005358288291257299 0.00015225564200072576 5.446349458770495e-05 2.474595889151917e-05 1.193472557905009e-05 6.323676969836277e-06 3.6044636405210983e-06 
3.8794307855305855e-06 7.01530574187125e-06 1.3707717929992283e-05 2.9576682822422186e-05 7.265477186068619e-05 0.00019789519388051287 0.0007180243856834875 0.003419405834926532 0.01565593035305848 0.03962053765962343 0.03484914609575571 0.006823495622086221 0.0013257269196090722 0.00029023487964307615 8.654311729112518e-05 3.376289991755927e-05 1.4539279624416457e-05 7.052177601453741e-06 3.748095949150386e-06 2.2865353020212893e-06 
2.1579942974326025e-06 3.913696915057641e-06 7.669294162512898e-06 1.658483137486978e-05 3.807620192105506e-05 0.00011057260833916673 0.00038877728391593415 0.0015921471072112153 0.007277829859868741 0.025442657194885313 0.013761074879603936 0.0024529929831321796 0.0005219812415719874 0.0001303485989713493 4.043887590011527e-05 1.5147956336944075e-05 6.579705566757428e-06 3.203689090479452e-06 1.705674676064222e-06 9.304123859029452e-07 
0 0 0 0 0 0 0 0 0 0 0 0 0 0 0 0 0 0 0 0 

C
20
0 0 0 0 0 0 0 0 0 0 0 0 0 0 0 0 0 0 0 0 
-2.390888178936424e-06 -4.389607777794667e-06 -8.29879056986609e-06 -1.753090676859978e-05 -4.0924146594840044e-05 -0.0001258304990080069 -0.0004562592078751118 -0.002058223913353111 -0.009596063012513435 -0.03695123960055198 -0.023312169294765497 -0.0032943627378821208 -0.0006406371575692058 -0.00015335143030064007 -4.439244869300402e-05 -1.6235045539683552e-05 -6.7185236589597605e-06 -3.2578796995119907e-06 -1.7273067429480068e-06 -9.858993132327082e-07 
-4.285361428918221e-06 -7.84434079573447e-06 -1.558146383253261e-05 -3.267163686350408e-05 -7.936530745362484e-05 -0.0002238922919629238 -0.0008498519493068842 -0.004306270318000834 -0.023538650781211416 -0.06148100006319238 -0.0575278259677028 -0.009266587441790106 -0.0015095235829328062 -0.0003424010091283586 -0.00010128487180905641 -3.4666495727239047e-05 -1.4614730736065475e-05 -7.294452343387344e-06 -3.543037845828266e-06 -2.1002602528458376e-06 
-5.354186920500823e-06 -9.749425331764427e-06 -1.9260928464904635e-05 -4.231320283494606e-05 -0.00010168841115034266 -0.0003157235704637291 -0.001127827893661833 -0.006661334801288204 -0.035628867700083555 -0.07169515052151601 -0.07026845011759826 -0.021139287355471093 -0.003407178899366949 -0.000647637152920502 -0.0001796497903916996 -5.878372492793609e-05 -2.4283976572215165e-05 -1.1477226056338837e-05 -6.01815400328144e-06 -3.403258530944185e-06 
-5.520847074502913e-06 -9.976623045531309e-06 -1.9542319575441722e-05 -4.253526608113991e-05 -0.00010678331315149677 -0.0003277781301719951 -0.0012809842030370095 -0.007227499807440075 -0.04486070926560521 -0.0761227986739382 -0.07606081726053492 -0.03766495418983638 -0.005079587284154456 -0.0009821089896067817 -0.0002579369249355828 -8.589550340185399e-05 -3.479541030286799e-05 -1.6206572001697473e-05 -8.369340604440074e-06 -4.67710633161803e-06 
-4.677281562567834e-06 -8.369473555577355e-06 -1.62069832945097e-05 -3.479571489952517e-05 -8.589481688633078e-05 -0.00025793059419942373 -0.0009820377625316954 -0.005079138582936623 -0.03766450535214362 -0.07606006276147446 -0.07612334061471576 -0.044861692826272205 -0.007227978438452899 -0.0012810378585135678 -0.00032778564368533516 -0.00010678482242389518 -4.253568159285121e-05 -1.954249686016975e-05 -9.976647360014553e-06 -5.520811640962892e-06 
-3.4035451381723976e-06 -6.018464819811237e-06 -1.1477680217706235e-05 -2.4282242785866622e-05 -5.877920186178317e-05 -0.00017963568887802104 -0.0006475969624898177 -0.0034069669941044524 -0.021138144406069818 -0.07026749755110223 -0.07169552110442526 -0.035630381817407714 -0.006661722648953925 -0.0011279060800622027 -0.00031573353761120686 -0.0001016918030387051 -4.2313582213674014e-05 -1.9261105473832438e-05 -9.749536831949551e-06 -5.354294098398517e-06 
-2.100013722907317e-06 -3.543073651490395e-06 -7.294603796099255e-06 -1.4615119910867693e-05 -3.4666958271319734e-05 -0.00010128358767290273 -0.0003423655460261337 -0.0015093787830880395 -0.009266174635327305 -0.057527371236700854 -0.061481189127007126 -0.023539536839955376 -0.004306474652073568 -0.0008498737434561993 -0.00022388490077093062 -7.936432817992336e-05 -3.2672684691917206e-05 -1.5581516620712585e-05 -7.844384004403472e-06 -4.285408570824951e-06 
-9.859303642665928e-07 -1.7273210750893108e-06 -3.2578419520885942e-06 -6.7183272018669395e-06 -1.6232801567450923e-05 -4.438654946926001e-05 -0.00015333282404104534 -0.00064057263289687 -0.003294242862281579 -0.02331137931712114 -0.036951128665806375 -0.009596405103205256 -0.0020583143425125447 -0.00045626896005782205 -0.00012582542464381163 -4.09223653894867e-05 -1.753046951426954e-05 -8.299053958494973e-06 -4.389634336393458e-06 -2.390866459105747e-06 
0 0 0 0 0 0 0 0 0 0 0 0 0 0 0 0 0 0 0 0 
0 0 0 0 0 0 0 0 0 0 0 0 0 0 0 0 0 0 0 0 
9.859303642665928e-07 1.7273210750893108e-06 3.2578419520885942e-06 6.7183272018669395e-06 1.6232801567450923e-05 4.438654946926001e-05 0.00015333282404104534 0.00064057263289687 0.003294242862281579 0.02331137931712114 0.036951128665806375 0.009596405103205256 0.0020583143425125447 0.00045626896005782205 0.00012582542464381163 4.09223653894867e-05 1.753046951426954e-05 8.299053958494973e-06 4.389634336393458e-06 2.390866459105747e-06 
2.100013722907317e-06 3.543073651490395e-06 7.294603796099255e-06 1.4615119910867693e-05 3.4666958271319734e-05 0.00010128358767290273 0.0003423655460261337 0.0015093787830880395 0.009266174635327305 0.057527371236700854 0.061481189127007126 0.023539536839955376 0.004306474652073568 0.0008498737434561993 0.00022388490077093062 7.936432817992336e-05 3.2672684691917206e-05 1.5581516620712585e-05 7.844384004403472e-06 4.285408570824951e-06 
3.403504972852728e-06 6.018487276904304e-06 1.1477586226780016e-05 2.4282314097425074e-05 5.877888688409879e-05 0.0001796362593519261 0.0006475969206834023 0.0034069671176910365 0.021138143759917447 0.0702674981609814 0.07169552166645402 0.03563038269395879 0.006661722398458202 0.001127905692935834 0.0003157340459990629 0.00010169172357902165 4.231367512857177e-05 1.9261119704770114e-05 9.749499004995637e-06 5.3542794039817684e-06 
4.6773318582603545e-06 8.36953754221087e-06 1.6206993591129308e-05 3.4795730892424445e-05 8.589493787319671e-05 0.00025793067914130165 0.000982038328577762 0.005079137942173026 0.03766450519119295 0.07606006490110051 0.07612334057219472 0.044861692510681624 0.007227978373679278 0.0012810370482087847 0.00032778524927636727 0.00010678499437392292 4.253544740608761e-05 1.954256673263871e-05 9.976467280308015e-06 5.520748227255296e-06 
5.52085497071206e-06 9.976616976228768e-06 1.954237356485005e-05 4.253512400683316e-05 0.00010678324870073681 0.0003277784441567424 0.0012809845535771843 0.007227499876006972 0.04486070906141131 0.07612279903645762 0.07606081790870724 0.03766495280905262 0.005079587793161982 0.0009821089646817555 0.00025793645104499026 8.589551127008274e-05 3.479553840161882e-05 1.6206833548197513e-05 8.36929161197566e-06 4.6770493867734415e-06 
5.354186920500823e-06 9.749425331764427e-06 1.9260928464904635e-05 4.231320283494606e-05 0.00010168841115034266 0.0003157235704637291 0.001127827893661833 0.006661334801288204 0.035628867700083555 0.07169515052151601 0.07026845011759826 0.021139287355471093 0.003407178899366949 0.000647637152920502 0.0001796497903916996 5.878372492793609e-05 2.4283976572215165e-05 1.1477226056338837e-05 6.01815400328144e-06 3.403258530944185e-06 
4.285361428918221e-06 7.84434079573447e-06 1.558146383253261e-05 3.267163686350408e-05 7.936530745362484e-05 0.0002238922919629238 0.0008498519493068842 0.004306270318000834 0.023538650781211416 0.06148100006319238 0.0575278259677028 0.009266587441790106 0.0015095235829328062 0.0003424010091283586 0.00010128487180905641 3.4666495727239047e-05 1.4614730736065475e-05 7.294452343387344e-06 3.543037845828266e-06 2.1002602528458376e-06 
2.3908720608370415e-06 4.389557637612671e-06 8.298736065252409e-06 1.753084269804946e-05 4.092418487998373e-05 0.00012583054480558309 0.00045625901698423475 0.0020582241517557976 0.009596062643623046 0.03695123906279132 0.02331216922986742 0.0032943621885556406 0.000640637222300238 0.00015335147447504652 4.4392652846608145e-05 1.623492814579428e-05 6.718454158917901e-06 3.257852168682061e-06 1.7272995267654354e-06 9.859128196901537e-07 
0 0 0 0 0 0 0 0 0 0 0 0 0 0 0 0 0 0 0 0 

C
20
0 0 0 0 0 0 0 0 0 0 0 0 0 0 0 0 0 0 0 0 
-2.4643769160888887e-06 -4.388738813780377e-06 -8.254529567971573e-06 -1.8238231662357206e-05 -4.68068587575279e-05 -0.00014583603482293793 -0.0005422385076375608 -0.0023045179324152803 -0.011514093860060606 -0.05462195462085964 -0.04344450523791788 -0.003998087311052434 -0.0007601607413382469 -0.00016736034281671132 -5.0661059450703944e-05 -1.6754246021993836e-05 -7.080767311840214e-06 -3.3851233426435843e-06 -1.6848179177778162e-06 -9.77390859060635e-07 
-4.605435006588982e-06 -8.147886013570624e-06 -1.5759526353675712e-05 -3.31319287439329e-05 -8.198779647787713e-05 -0.0002592765969100859 -0.0010209234101744376 -0.004966443356111215 -0.03069927352397229 -0.07821627955549404 -0.06640936766591668 -0.010985941424744582 -0.001805897583925428 -0.0003638656152733207 -0.0001029851699110117 -3.669579250910897e-05 -1.4711318379228814e-05 -6.749964472651085e-06 -3.638196528349001e-06 -1.9908486065554795e-06 
-5.731832560568844e-06 -1.0538824941001324e-05 -2.109492073062581e-05 -4.331835929891794e-05 -0.00010129142532030571 -0.0003103495533883632 -0.0013429030420383454 -0.0078050449200326956 -0.04765568771406649 -0.09183463856150195 -0.08647915602972205 -0.030303987247016287 -0.0037673680361417234 -0.0006845849830005103 -0.00017749661306729438 -5.905991745580827e-05 -2.3943387113016716e-05 -1.1154943664964094e-05 -5.979144783072454e-06 -3.3523121747928813e-06 
-5.879283292953811e-06 -1.0721985949462303e-05 -2.1265172343062687e-05 -4.709754405836098e-05 -0.00012123849609661635 -0.0003419430704766866 -0.001323234216108157 -0.008217248910920731 -0.05279230114769907 -0.10122871895730144 -0.10106629907666029 -0.04823174176086291 -0.006309294155274469 -0.0011150321335134158 -0.00028204540693189684 -9.389886123060892e-05 -3.7091655920496744e-05 -1.698075684933752e-05 -8.66338034387827e-06 -4.799340721872598e-06 
-4.799348143332317e-06 -8.66366959512301e-06 -1.6980813659412097e-05 -3.7091431247509546e-05 -9.389927698885789e-05 -0.00028204916097676705 -0.001115042413925167 -0.006309332673895454 -0.04823185210075865 -0.10106629937516484 -0.1012287180187727 -0.052792906432921234 -0.008217421643821303 -0.001323262547585489 -0.00034195077838486556 -0.00012123854775415556 -4.7097110008873396e-05 -2.1264887367782527e-05 -1.0721892807648093e-05 -5.879247482310304e-06 
-3.352342653355682e-06 -5.979193591399008e-06 -1.1155067654016213e-05 -2.3943718946827857e-05 -5.906073259625e-05 -0.0001774966022126234 -0.0006845940856847047 -0.003767510319158669 -0.03030423162034674 -0.08647968457836502 -0.09183525435333972 -0.04765586871178399 -0.007805391582705192 -0.00134295716826003 -0.00031036168439464127 -0.00010129394539304185 -4.3318662313717306e-05 -2.1095035920550934e-05 -1.0538953652764394e-05 -5.731862045275851e-06 
-1.9908288276104055e-06 -3.6381362220567036e-06 -6.7499890370095085e-06 -1.4711417736599362e-05 -3.669669780296274e-05 -0.00010298750078904892 -0.0003638804242374811 -0.0018059446381884102 -0.01098605248664173 -0.06640936747424656 -0.07821627970876287 -0.030699588435159027 -0.004966649984048745 -0.0010209733391224568 -0.00025928788334407895 -8.199067912638111e-05 -3.3132537372851967e-05 -1.5759864315348353e-05 -8.147869446259851e-06 -4.6053338191297914e-06 
-9.773186976962193e-07 -1.6848465524841603e-06 -3.385091309002664e-06 -7.080790950752279e-06 -1.67547259285356e-05 -5.066243243653581e-05 -0.00016736678423926108 -0.0007601805262381044 -0.003998141834458428 -0.043444505562621576 -0.05462197938122431 -0.01151436660379224 -0.002304626378818012 -0.0005422625726280718 -0.00014584267552101977 -4.6808784451343675e-05 -1.8238633692531412e-05 -8.254585596267555e-06 -4.388785579064984e-06 -2.464421286743546e-06 
0 0 0 0 0 0 0 0 0 0 0 0 0 0 0 0 0 0 0 0 
0 0 0 0 0 0 0 0 0 0 0 0 0 0 0 0 0 0 0 0 
9.773186976962193e-07 1.6848465524841603e-06 3.385091309002664e-06 7.080790950752279e-06 1.67547259285356e-05 5.066243243653581e-05 0.00016736678423926108 0.0007601805262381044 0.003998141834458428 0.043444505562621576 0.05462197938122431 0.01151436660379224 0.002304626378818012 0.0005422625726280718 0.00014584267552101977 4.6808784451343675e-05 1.8238633692531412e-05 8.254585596267555e-06 4.388785579064984e-06 2.464421286743546e-06 
1.9908288276104055e-06 3.6381362220567036e-06 6.7499890370095085e-06 1.4711417736599362e-05 3.669669780296274e-05 0.00010298750078904892 0.0003638804242374811 0.0018059446381884102 0.01098605248664173 0.06640936747424656 0.07821627970876287 0.030699588435159027 0.004966649984048745 0.0010209733391224568 0.00025928788334407895 8.199067912638111e-05 3.3132537372851967e-05 1.5759864315348353e-05 8.147869446259851e-06 4.6053338191297914e-06 
3.352335164586064e-06 5.979254842861972e-06 1.1155027832278238e-05 2.39435289685713e-05 5.906090949369652e-05 0.0001774965317471589 0.0006845938296307782 0.0037675109604434717 0.03030423079919014 0.08647968444942071 0.09183525294795875 0.04765586871784254 0.007805392291621799 0.0013429573886055174 0.00031036147860189693 0.0001012938649224813 4.33187984945773e-05 2.1094896766292018e-05 1.0538969941975175e-05 5.731803953473387e-06 
4.799567067029176e-06 8.663504587575068e-06 1.698073744131794e-05 3.7091849528671775e-05 9.389954495916845e-05 0.00028204988266507084 0.001115042338959666 0.006309332751123285 0.04823185303859401 0.10106629849564451 0.1012287179330056 0.052792906663515285 0.008217421404328459 0.0013232625305705122 0.00034195078785940775 0.00012123827860927384 4.7097128106447325e-05 2.1265054065208437e-05 1.0721819436351674e-05 5.879322334722759e-06 
5.879336953221922e-06 1.0721851520144661e-05 2.1264992388318306e-05 4.7097416099906524e-05 0.00012123907200638334 0.00034194284635454735 0.0013232339411932475 0.008217248673973537 0.052792302002114336 0.10122871867823847 0.10106629769767363 0.048231742288655365 0.006309295040472602 0.0011150317855809142 0.00028204569900258165 9.389880706538974e-05 3.7091597296574486e-05 1.6980684811260077e-05 8.663507459115232e-06 4.799465684908779e-06 
5.731832560568844e-06 1.0538824941001324e-05 2.109492073062581e-05 4.331835929891794e-05 0.00010129142532030571 0.0003103495533883632 0.0013429030420383454 0.0078050449200326956 0.04765568771406649 0.09183463856150195 0.08647915602972205 0.030303987247016287 0.0037673680361417234 0.0006845849830005103 0.00017749661306729438 5.905991745580827e-05 2.3943387113016716e-05 1.1154943664964094e-05 5.979144783072454e-06 3.3523121747928813e-06 
4.605435006588982e-06 8.147886013570624e-06 1.5759526353675712e-05 3.31319287439329e-05 8.198779647787713e-05 0.0002592765969100859 0.0010209234101744376 0.004966443356111215 0.03069927352397229 0.07821627955549404 0.06640936766591668 0.010985941424744582 0.001805897583925428 0.0003638656152733207 0.0001029851699110117 3.669579250910897e-05 1.4711318379228814e-05 6.749964472651085e-06 3.638196528349001e-06 1.9908486065554795e-06 
2.4643746140740037e-06 4.388746195976753e-06 8.25446341952672e-06 1.8238177265235745e-05 4.6806744418343834e-05 0.00014583588767453615 0.0005422389980144327 0.002304517991990935 0.011514094092034074 0.054621956155380194 0.043444504731738415 0.003998087975334233 0.0007601608507836971 0.0001673602411989582 5.066122449728137e-05 1.6754349925448127e-05 7.080706351378907e-06 3.3851082103909027e-06 1.6848147491848283e-06 9.774277092416655e-07 
0 0 0 0 0 0 0 0 0 0 0 0 0 0 0 0 0 0 0 0 

C
20
0 0 0 0 0 0 0 0 0 0 0 0 0 0 0 0 0 0 0 0 
0.007556808597584436 0.007567653361869012 0.007580395931624061 0.0075953746210566785 0.007612715963363482 0.007631503858788375 0.00764636006343894 0.007630851287184522 0.007432145291983773 0.018437094130049278 0.022271451080955188 0.009743293178675236 0.005105715892759351 0.010851326872317641 0.012879691898715899 0.012734843162006826 -0.017010338925172265 -0.014270617038341541 -0.007740688110977586 -0.006214846703143166 
0.01040179562382268 0.01041030841259798 0.010421122101169265 0.01043513628501064 0.010453634690936376 0.01047821048640546 0.010509348128930241 0.010535575114931039 0.013988008213435993 0.030341160707494874 0.03294042297468253 0.014113208598124745 0.011867452689271661 0.010743145473129573 0.015264539602844638 0.014920215625671722 0.014677470726950134 0.014487956244310762 0.014328776548487701 0.014187873300789477 
0.02341382268848961 0.02338967366437408 0.02336430086332525 0.023340055120031254 0.023323514089461657 0.02333344389355497 0.023428885052805565 0.02383367518290533 0.025716708848392077 0.03695758062139921 0.03804706036857741 0.025160588228764925 0.015444944063514708 0.015038169441652658 0.014897837074628903 0.014864017065129265 0.014877793839933576 0.014913752585644202 0.014959785998028345 0.015009760210399728 
0.024917646628495126 0.02490926081935278 0.024904162474589195 0.02490686688193958 0.024927723233925787 0.024992682555560152 0.025176273760439023 0.025742287373525293 0.027991857832082787 0.040222589043878376 0.04051647838315296 0.02777861508778113 0.025272337939711308 0.02459414390223723 0.024351726131282222 0.02425149687035795 0.024207416899071577 0.024188350160242744 0.024181323939427072 0.02418036790748868 
0.024180367188949795 0.02418132285200667 0.024188349749648213 0.024207413706650454 0.024251496988458358 0.024351725887782994 0.02459414224043789 0.02527233623219389 0.027778614571750924 0.04051647664263282 0.040222591629042376 0.027991858186873463 0.025742288231960432 0.02517627612046124 0.02499268375229488 0.024927724988475362 0.024906868180179266 0.02490416313207515 0.024909262245590466 0.0249176480492285 
0.01500975952175234 0.014959785186505965 0.014913751883284922 0.014877793980474419 0.01486401621597492 0.014897836226475532 0.015038169561918028 0.015444944133898708 0.025160587530802993 0.038047060607038996 0.03695758380684318 0.02571670953326477 0.02383367575564031 0.02342888570251774 0.023333443812000764 0.023323514355022914 0.023340056712004183 0.02336430328494704 0.023389676178759627 0.023413822001433097 
0.014187872215537153 0.014328773038012955 0.01448795518716981 0.01467746990636851 0.014920215541039745 0.015264538045221378 0.010743145147748767 0.011867452513857955 0.014113209060981596 0.03294042431124704 0.03034116078338308 0.013988008500704113 0.010535575419073354 0.010509348152311731 0.010478210776113814 0.010453635130673614 0.010435136998229105 0.010421122542742493 0.010410308962511909 0.010401796126604933 
-0.006214847051161685 -0.007740687931981981 -0.01427061680313731 -0.017010339920001744 0.012734843893296837 0.012879691812293563 0.010851327346369559 0.005105716223724068 0.009743293288484034 0.02227145074211101 0.018437094412685207 0.00743214574088031 0.007630851329591074 0.007646360111633558 0.0076315039209472 0.007612715974500571 0.007595374655534799 0.007580395997787838 0.007567653908207258 0.007556808779630455 
0 0 0 0 0 0 0 0 0 0 0 0 0 0 0 0 0 0 0 0 
0 0 0 0 0 0 0 0 0 0 0 0 0 0 0 0 0 0 0 0 
0.006214847051161685 0.007740687931981981 0.01427061680313731 0.017010339920001744 -0.012734843893296837 -0.012879691812293563 -0.010851327346369559 -0.005105716223724068 -0.009743293288484034 -0.02227145074211101 -0.018437094412685207 -0.00743214574088031 -0.007630851329591074 -0.007646360111633558 -0.0076315039209472 -0.007612715974500571 -0.007595374655534799 -0.007580395997787838 -0.007567653908207258 -0.007556808779630455 
-0.014187872215537153 -0.014328773038012955 -0.01448795518716981 -0.01467746990636851 -0.014920215541039745 -0.015264538045221378 -0.010743145147748767 -0.011867452513857955 -0.014113209060981596 -0.03294042431124704 -0.03034116078338308 -0.013988008500704113 -0.010535575419073354 -0.010509348152311731 -0.010478210776113814 -0.010453635130673614 -0.010435136998229105 -0.010421122542742493 -0.010410308962511909 -0.010401796126604933 
-0.015009760171052594 -0.014959785927422508 -0.014913752351059411 -0.014877793109853087 -0.014864016710558639 -0.014897835926510951 -0.01503816956380749 -0.015444944176125222 -0.02516058742623387 -0.038047059120362485 -0.03695758249932181 -0.025716709052952147 -0.02383367613929317 -0.02342888552086553 -0.02333344313596515 -0.0233235149430415 -0.02334005705697038 -0.02336430305773353 -0.023389676245212137 -0.023413822886652183 
-0.02418036734219581 -0.0241813232349194 -0.02418834893361931 -0.024207414255790302 -0.024251496833880525 -0.02435172434210826 -0.024594143712118613 -0.025272337760521523 -0.02777861397396511 -0.04051647743750497 -0.04022259045641864 -0.027991857859677265 -0.02574228785885565 -0.025176276448769876 -0.024992684030470207 -0.024927725189076627 -0.024906868933224302 -0.024904163142069054 -0.02490926221309426 -0.024917648639610546 
-0.024917647292329613 -0.024909261792633714 -0.0249041631230106 -0.024906866771550882 -0.024927723136244362 -0.024992683479200313 -0.025176273129348812 -0.02574228707122934 -0.02799185753850107 -0.040222590388803985 -0.04051647852513698 -0.02777861473326882 -0.02527233773919224 -0.024594144678434807 -0.02435172639626854 -0.02425149647073208 -0.024207415881325012 -0.024188349638270774 -0.02418132385596043 -0.02418036802782078 
-0.02341382268848961 -0.02338967366437408 -0.02336430086332525 -0.023340055120031254 -0.023323514089461657 -0.02333344389355497 -0.023428885052805565 -0.02383367518290533 -0.025716708848392077 -0.03695758062139921 -0.03804706036857741 -0.025160588228764925 -0.015444944063514708 -0.015038169441652658 -0.014897837074628903 -0.014864017065129265 -0.014877793839933576 -0.014913752585644202 -0.014959785998028345 -0.015009760210399728 
-0.01040179562382268 -0.01041030841259798 -0.010421122101169265 -0.01043513628501064 -0.010453634690936376 -0.01047821048640546 -0.010509348128930241 -0.010535575114931039 -0.013988008213435993 -0.030341160707494874 -0.03294042297468253 -0.014113208598124745 -0.011867452689271661 -0.010743145473129573 -0.015264539602844638 -0.014920215625671722 -0.014677470726950134 -0.014487956244310762 -0.014328776548487701 -0.014187873300789477 
-0.007556808695486327 -0.0075676533845635075 -0.0075803958855691035 -0.007595374362498417 -0.00761271591405038 -0.007631503899141993 -0.007646360076840243 -0.0076308511897182595 -0.007432145343063296 -0.01843709419594822 -0.022271450600864464 -0.009743293109620335 -0.005105715959482567 -0.010851327650597887 -0.012879691414413369 -0.012734844054813363 0.017010339170292398 0.01427061699824448 0.00774068794738865 0.0062148469074743825 
0 0 0 0 0 0 0 0 0 0 0 0 0 0 0 0 0 0 0 0 

C
20
0 0 0 0 0 0 0 0 0 0 0 0 0 0 0 0 0 0 0 0 
0.01631415604914718 0.022745018123935444 0.023690231004885754 0.0162835810044189 0.010183747105750787 0.00393109438945036 0.005156651366969659 0.007833389121712333 0.011168930782389355 0.012433151741259562 0.012985996676389134 0.012949182787042398 0.012472615108476373 0.01170565034394882 -0.01616520022610649 -0.014677037999855452 -0.008798456756632806 -0.007862734379725818 -0.006997899883349759 -0.006214846703143166 
0.027111724942685034 0.03625652260686497 0.035147711023347725 0.02559584463080324 0.01427038151026787 0.01279352876064793 0.011828492770026873 0.01115702593668455 0.010661477795888226 0.01543425538564025 0.015194473481377983 0.015006856310546319 0.014853906325571946 0.014724884568930733 0.014612888078567043 0.014513313203799045 0.01442298593753947 0.014339655510542048 0.014261689009069902 0.014187873300789477 
0.033228657829129565 0.04334801141240121 0.04057282283889272 0.03033389264106236 0.02541305288825168 0.015895582293852854 0.01542799556903761 0.015166280129348661 0.015016402631171424 0.014931634770938383 0.014886767780043749 0.014867267009146755 0.014864302709803856 0.014872286120020934 0.014887562604636898 0.01490768120541204 0.014930964174936591 0.014956244530076214 0.014982703661110342 0.015009760210399728 
0.03624924459948819 0.04677555134865832 0.043151537574236426 0.03277647783689661 0.028018404377986358 0.026109130276939608 0.025242775418125182 0.024802239079729324 0.02455864761771861 0.024415618877035614 0.0243279831696355 0.024272699138203922 0.024237198639285685 0.024214242866087463 0.02419947510441532 0.02419017740405607 0.024184597931791833 0.024181581957271495 0.024180350438819626 0.02418036790748868 
0.0364645253482481 0.046952702421311804 0.04285059653987532 0.032693004939507976 0.028212774071703445 0.026476992856248223 0.025716857523992134 0.02534495174785916 0.025148251883873315 0.02503882505903578 0.02497623358429135 0.024940225431802368 0.02491996386451755 0.0249093281394292 0.02490471241192821 0.024903914586580575 0.024905553525146853 0.024908743894274714 0.02491290279416459 0.0249176480492285 
0.034054272015814846 0.0440030607164689 0.03946229595809546 0.029942080826706373 0.025909804203307067 0.02442407419164688 0.02381410313954087 0.023540207264664596 0.02341186125264874 0.023352575186937362 0.023328213185736968 0.0233222501610635 0.023326179757962886 0.023335408469970693 0.023347372762303326 0.02336060758752611 0.02337426496900806 0.023387852431989046 0.02340108910904223 0.023413822001433097 
0.029233194666374297 0.03774209377508647 0.032564353862736636 0.024320674725952424 0.014032377722943953 0.010523811562782854 0.010535350872219941 0.010523406952947336 0.010506074456390426 0.010488906935175794 0.010473490264809785 0.01046010355040778 0.01044860630362432 0.010438746774232266 0.010430267345081881 0.01042294085749304 0.010416574376792767 0.010411010372455565 0.01040611946613171 0.010401796126604933 
0.019493241026399794 0.024818334023010844 0.019956551465980337 0.014530080429273375 0.007409366580134329 0.007576860690655671 0.007632289802646568 0.007646795922486902 0.007645471835388551 0.007637975851775423 0.007628294931563545 0.0076181444218492034 0.00760826816107505 0.007598970844895437 0.007590356254370368 0.00758243371523166 0.007575169718346465 0.00756851426906739 0.00756241211210869 0.007556808779630455 
0 0 0 0 0 0 0 0 0 0 0 0 0 0 0 0 0 0 0 0 
0 0 0 0 0 0 0 0 0 0 0 0 0 0 0 0 0 0 0 0 
-0.019493241026399794 -0.024818334023010844 -0.019956551465980337 -0.014530080429273375 -0.007409366580134329 -0.007576860690655671 -0.007632289802646568 -0.007646795922486902 -0.007645471835388551 -0.007637975851775423 -0.007628294931563545 -0.0076181444218492034 -0.00760826816107505 -0.007598970844895437 -0.007590356254370368 -0.00758243371523166 -0.007575169718346465 -0.00756851426906739 -0.00756241211210869 -0.007556808779630455 
-0.029233194666374297 -0.03774209377508647 -0.032564353862736636 -0.024320674725952424 -0.014032377722943953 -0.010523811562782854 -0.010535350872219941 -0.010523406952947336 -0.010506074456390426 -0.010488906935175794 -0.010473490264809785 -0.01046010355040778 -0.01044860630362432 -0.010438746774232266 -0.010430267345081881 -0.01042294085749304 -0.010416574376792767 -0.010411010372455565 -0.01040611946613171 -0.010401796126604933 
-0.03405427227523427 -0.04400306036129526 -0.03946229624280734 -0.029942081320055353 -0.02590980412151575 -0.024424074399739672 -0.02381410248988873 -0.02354020708439073 -0.02341186139041188 -0.023352575166484524 -0.023328212787423072 -0.023322251016567958 -0.02332617977261545 -0.02333540827539171 -0.023347372891060973 -0.023360607428154316 -0.02337426494917585 -0.02338785220797851 -0.023401090169438112 -0.023413822886652183 
-0.036464524386744454 -0.04695270218393478 -0.04285059612334286 -0.032693004841042914 -0.028212774463713782 -0.02647699321081219 -0.02571685863350493 -0.025344951226373678 -0.02514825172186143 -0.02503882609223266 -0.024976232437873502 -0.02494022535476028 -0.024919963812786338 -0.024909328866899616 -0.02490471251235115 -0.02490391526398343 -0.024905554541369928 -0.024908743898624807 -0.024912903235228077 -0.024917648639610546 
-0.03624924416906523 -0.046775551835842526 -0.04315153854608001 -0.032776478706770744 -0.02801840455780874 -0.02610913027025337 -0.02524277539829311 -0.02480223892976617 -0.0245586478353008 -0.024415618964411325 -0.024327983072439465 -0.024272698743281865 -0.024237198573415268 -0.02421424288630335 -0.02419947582568653 -0.024190177455771313 -0.024184597464492273 -0.024181582001133455 -0.024180350664526992 -0.02418036802782078 
-0.033228657829129565 -0.04334801141240121 -0.04057282283889272 -0.03033389264106236 -0.02541305288825168 -0.015895582293852854 -0.01542799556903761 -0.015166280129348661 -0.015016402631171424 -0.014931634770938383 -0.014886767780043749 -0.014867267009146755 -0.014864302709803856 -0.014872286120020934 -0.014887562604636898 -0.01490768120541204 -0.014930964174936591 -0.014956244530076214 -0.014982703661110342 -0.015009760210399728 
-0.027111724942685034 -0.03625652260686497 -0.035147711023347725 -0.02559584463080324 -0.01427038151026787 -0.01279352876064793 -0.011828492770026873 -0.01115702593668455 -0.010661477795888226 -0.01543425538564025 -0.015194473481377983 -0.015006856310546319 -0.014853906325571946 -0.014724884568930733 -0.014612888078567043 -0.014513313203799045 -0.01442298593753947 -0.014339655510542048 -0.014261689009069902 -0.014187873300789477 
-0.016314156310706426 -0.022745018132380695 -0.02369023040465435 -0.01628358014673051 -0.010183747102148871 -0.003931094216678284 -0.0051566512882520454 -0.007833389043560622 -0.011168930686932846 -0.012433151655777297 -0.012985996754790315 -0.012949183054702544 -0.012472615267694774 -0.011705650701251244 0.01616519939971981 0.0146770376008294 0.00879845682188878 0.00786273500707296 0.006997899667015397 0.0062148469074743825 
0 0 0 0 0 0 0 0 0 0 0 0 0 0 0 0 0 0 0 0 

C
20
0 0 0 0 0 0 0 0 0 0 0 0 0 0 0 0 0 0 0 0 
0.01631415604914718 0.017056841655960955 0.017876339834456134 0.018760673838333297 0.019689621333601484 0.020635612495552264 0.02156630749871237 0.022447564138347975 0.0232446782507577 0.023920949967252678 0.024435636628853345 0.02474552085810162 0.02481270584614838 0.024616142880905086 0.024160429896478014 0.02347645516319615 0.02261368143507489 0.021628510139174204 0.020573925696612268 0.01949324037795299 
0.027111724942685034 0.028254227501302957 0.029499657218166424 0.030822181418777787 0.03218100361625284 0.03352202167230304 0.03478311485700886 0.035901434885433146 0.03681930088341476 0.03748616039661634 0.03785805034517297 0.037899477435979406 0.03759092580480546 0.03693928852197595 0.035983718551993914 0.03479148309205032 0.03344499937183866 0.032026306151878015 0.030605133617659395 0.029233194746275386 
0.033228657829129565 0.034557377677582234 0.03599435895227444 0.037504941510480554 0.039035544338993484 0.0405156898523536 0.041865068706839405 0.043004221138159784 0.043864682357392604 0.044394546479582186 0.0445593113469358 0.04434219137594892 0.043747826178124234 0.042807860296191935 0.04158249716149541 0.040153675849465054 0.038611444316358476 0.03703944334611982 0.035504793439937316 0.03405427192347628 
0.03624924459948819 0.03767220333322264 0.039202324701717015 0.04080023864120437 0.042405921943770866 0.043940906047924895 0.045316288926735754 0.046445184463798216 0.047255187944608465 0.047695916662121675 0.04774041911848485 0.047384242786906436 0.04664636140965553 0.0455716427157504 0.04423005115806144 0.042708834201858434 0.041099222469423075 0.03948303599449994 0.037923901879296874 0.03646452544215164 
0.0364645253482481 0.037923900123543 0.03948303523000316 0.041099219335535446 0.04270882979092685 0.04423004934390028 0.04557164257626691 0.046646364710472274 0.047384245277246294 0.04774042151799346 0.04769591604524606 0.047255187789912445 0.04644518026768334 0.04531628577174051 0.04394090521485644 0.042405923614152276 0.04080024224650988 0.03920232718428365 0.037672205656208234 0.03624924474294905 
0.034054272015814846 0.03550479308929733 0.03703944272572621 0.03861144492689471 0.04015367449609437 0.041582497094957094 0.0428078606292111 0.043747828015207615 0.04434219368298355 0.04455931432027499 0.04439455054541726 0.04386468201534406 0.04300421918887515 0.04186506752903931 0.04051568990308993 0.03903554406588171 0.037504941468736626 0.03599436063601327 0.03455737815360631 0.033228657760050725 
0.029233194666374297 0.03060513494604462 0.03202630588413029 0.03344499950915804 0.0347914838765961 0.035983719644551375 0.036939290874354054 0.03759092307282008 0.03789947584505436 0.037858051882869934 0.0374861639066408 0.036819303414160724 0.03590143601447736 0.03478311502894032 0.03352202257511545 0.03218100306648262 0.030822181559100142 0.02949965896320104 0.028254228503764425 0.027111725254849887 
0.019493241026399794 0.020573926665775417 0.021628511027890027 0.022613681125320258 0.023476455887690748 0.024160431032544668 0.024616144768598466 0.0248127067296294 0.024745520982659155 0.02443563706117985 0.023920952066980677 0.02324467977593008 0.02244756512497949 0.02156630809713496 0.020635612792734206 0.01968962227506198 0.018760673901030454 0.01787633988173867 0.01705684185575381 0.01631415680793371 
0 0 0 0 0 0 0 0 0 0 0 0 0 0 0 0 0 0 0 0 
0 0 0 0 0 0 0 0 0 0 0 0 0 0 0 0 0 0 0 0 
-0.019493241026399794 -0.020573926665775417 -0.021628511027890027 -0.022613681125320258 -0.023476455887690748 -0.024160431032544668 -0.024616144768598466 -0.0248127067296294 -0.024745520982659155 -0.02443563706117985 -0.023920952066980677 -0.02324467977593008 -0.02244756512497949 -0.02156630809713496 -0.020635612792734206 -0.01968962227506198 -0.018760673901030454 -0.01787633988173867 -0.01705684185575381 -0.01631415680793371 
-0.029233194666374297 -0.03060513494604462 -0.03202630588413029 -0.03344499950915804 -0.0347914838765961 -0.035983719644551375 -0.036939290874354054 -0.03759092307282008 -0.03789947584505436 -0.037858051882869934 -0.0374861639066408 -0.036819303414160724 -0.03590143601447736 -0.03478311502894032 -0.03352202257511545 -0.03218100306648262 -0.030822181559100142 -0.02949965896320104 -0.028254228503764425 -0.027111725254849887 
-0.03405427227523427 -0.03550479361368967 -0.03703944307997599 -0.03861144592767457 -0.04015367472083016 -0.04158249803782596 -0.04280786085794917 -0.04374782727148696 -0.04434219423274869 -0.04455931513920838 -0.0443945502963284 -0.04386468182826611 -0.04300421894006698 -0.04186506706106184 -0.040515688746145646 -0.03903554379481661 -0.03750494127622392 -0.03599436119071967 -0.03455737810330749 -0.03322865796443811 
-0.036464524386744454 -0.03792389939449941 -0.039483034717301364 -0.041099220673951796 -0.0427088303187329 -0.044230049004444674 -0.045571643074510566 -0.04664636377068787 -0.047384245028837965 -0.0477404217545077 -0.04769591618377653 -0.04725518690059226 -0.04644518022038159 -0.04531628640393512 -0.043940904916574736 -0.042405922949527636 -0.04080024228740041 -0.039202327635528604 -0.03767220481715325 -0.03624924530654091 
-0.03624924416906523 -0.03767220196986149 -0.03920232464085532 -0.04080023708297454 -0.042405920601298344 -0.04394090557768264 -0.045316287962982094 -0.046445185006077035 -0.04725518912485505 -0.047695915669654095 -0.04774041913087642 -0.04738424401812505 -0.04664635988844247 -0.0455716413304145 -0.04423005088643925 -0.0427088334872124 -0.04109922140710293 -0.039483036078099804 -0.037923900376744375 -0.03646452602482908 
-0.033228657829129565 -0.034557377677582234 -0.03599435895227444 -0.037504941510480554 -0.039035544338993484 -0.0405156898523536 -0.041865068706839405 -0.043004221138159784 -0.043864682357392604 -0.044394546479582186 -0.0445593113469358 -0.04434219137594892 -0.043747826178124234 -0.042807860296191935 -0.04158249716149541 -0.040153675849465054 -0.038611444316358476 -0.03703944334611982 -0.035504793439937316 -0.03405427192347628 
-0.027111724942685034 -0.028254227501302957 -0.029499657218166424 -0.030822181418777787 -0.03218100361625284 -0.03352202167230304 -0.03478311485700886 -0.035901434885433146 -0.03681930088341476 -0.03748616039661634 -0.03785805034517297 -0.037899477435979406 -0.03759092580480546 -0.03693928852197595 -0.035983718551993914 -0.03479148309205032 -0.03344499937183866 -0.032026306151878015 -0.030605133617659395 -0.029233194746275386 
-0.016314156310706426 -0.017056841370802663 -0.017876340033667445 -0.018760673594058114 -0.019689620993218606 -0.020635612126503566 -0.0215663078216368 -0.022447564909110384 -0.023244678039210622 -0.023920950507758165 -0.024435636088166287 -0.024745521117958445 -0.02481270630642472 -0.024616143525619458 -0.024160429363647918 -0.023476454673775196 -0.02261368130490119 -0.021628510497550324 -0.02057392553843042 -0.01949324083407944 
0 0 0 0 0 0 0 0 0 0 0 0 0 0 0 0 0 0 0 0 

C
20
0 0 0 0 0 0 0 0 0 0 0 0 0 0 0 0 0 0 0 0 
0.012160645056093768 0.014402184376969607 0.015564205995039678 0.016849076962583955 0.018237664263670517 0.01968965638397226 0.021134865794736248 0.022469890358956766 0.023571761765355914 0.02433211988037094 0.024694135055878155 0.02466471314178414 0.02429501038793033 0.023648216669838514 0.022774067253356078 0.018282747673258794 0.017952492874202388 0.01727264068241619 0.01603597466091393 0.01413473443951202 
0.020691271964447047 0.024327613637994728 0.02610532301111812 0.02799148856440753 0.029915277622798258 0.03178482703831683 0.033495851290182586 0.03494242446394265 0.03603070734662295 0.03669465125847854 0.036907019222382695 0.03667885516293025 0.036049221915987986 0.035072645447159496 0.03380560149182648 0.027248873191519227 0.02677999224683394 0.02584674273820224 0.023762383054917204 0.018551373809915186 
0.02818446498867346 0.030104688384916124 0.032187801187846046 0.03435314838879004 0.036488063653532354 0.0384700077836389 0.040194418352302606 0.04159207891911022 0.0426283987314698 0.04329136902764323 0.043579476944183904 0.04349572484160023 0.04304902147142093 0.04226201921770194 0.04117961683227299 0.03986237983472241 0.038328981825020515 0.0304798182095026 0.028736148388788744 0.01859527019972853 
0.030679932020988603 0.03268718784976834 0.03487486694240423 0.037146394068803205 0.03936729630685719 0.04139620000916234 0.043124254491624645 0.044497438103591774 0.04550880179048106 0.0461728252721061 0.04650269775526006 0.046500836247358554 0.04616196801157489 0.04548585789031649 0.04449674201375474 0.04326177989528754 0.04189709624053973 0.040558402989593303 0.03925768991303144 0.01458626054712652 
0.0306652442654197 0.032626833627769844 0.03478163079087812 0.037042242123988454 0.03927825516132443 0.04134247956500165 0.04311134206451951 0.044514707198166484 0.04553621607236787 0.046190113067436166 0.04649558365792987 0.04646254503557186 0.04609032249155744 0.04537620494862492 0.044330734231318766 0.04299240324028011 0.041425177471851114 0.039669877806551276 0.037459404662535535 0.017283561513524396 
0.028796385036725592 0.030612313522340694 0.03260671121011704 0.034718691240444965 0.03684590202875087 0.03885808033492897 0.04062694686473648 0.04205780549790707 0.04310366837823785 0.04375645024731093 0.04402749577769211 0.04393263303601834 0.043487905092238946 0.0427140950431914 0.041645557558321146 0.04033730600774721 0.03886138406638151 0.037280629710114706 0.0355529509831762 0.03239961173088902 
0.025110668241329997 0.026535359237387417 0.028096520533869622 0.029760516178068595 0.031463545603484 0.03311514983534088 0.03461269349939229 0.035862094228962846 0.03679390502003775 0.037367264631825894 0.037565296817484155 0.037391527284541294 0.03687148003844166 0.03605493124076576 0.03501330962659249 0.033832114889264533 0.0326016550086961 0.03140926160249107 0.030336731195669202 0.0294471695264928 
0.018690225462928214 0.019566524561482224 0.02050590185382889 0.021482626846055328 0.022456217856288253 0.023373131780746584 0.024172902965009055 0.024796678501771887 0.02519387465910709 0.02532525340058327 0.025166417215489508 0.022409453400609455 0.021954351455192152 0.02129168975788266 0.020496471843050038 0.019646113559392518 0.01574740540914284 0.013227964553151405 0.0131885497617584 0.012952633335244521 
0 0 0 0 0 0 0 0 0 0 0 0 0 0 0 0 0 0 0 0 
0 0 0 0 0 0 0 0 0 0 0 0 0 0 0 0 0 0 0 0 
-0.018690225462928214 -0.019566524561482224 -0.02050590185382889 -0.021482626846055328 -0.022456217856288253 -0.023373131780746584 -0.024172902965009055 -0.024796678501771887 -0.02519387465910709 -0.02532525340058327 -0.025166417215489508 -0.022409453400609455 -0.021954351455192152 -0.02129168975788266 -0.020496471843050038 -0.019646113559392518 -0.01574740540914284 -0.013227964553151405 -0.0131885497617584 -0.012952633335244521 
-0.025110668241329997 -0.026535359237387417 -0.028096520533869622 -0.029760516178068595 -0.031463545603484 -0.03311514983534088 -0.03461269349939229 -0.035862094228962846 -0.03679390502003775 -0.037367264631825894 -0.037565296817484155 -0.037391527284541294 -0.03687148003844166 -0.03605493124076576 -0.03501330962659249 -0.033832114889264533 -0.0326016550086961 -0.03140926160249107 -0.030336731195669202 -0.0294471695264928 
-0.028796385181624008 -0.030612315392503097 -0.03260671241955185 -0.03471869177927654 -0.03684590135313588 -0.038858080931543186 -0.04062694688359516 -0.04205780426793075 -0.04310366668570999 -0.04375644914160796 -0.044027494311407886 -0.043932633655601336 -0.0434879055179052 -0.04271409446806533 -0.04164555773716867 -0.040337305347607114 -0.038861385859911876 -0.03728062797815611 -0.03555295079181227 -0.03239961082571829 
-0.030665245053851025 -0.03262683351914032 -0.03478162956634027 -0.037042243408105115 -0.039278254538422305 -0.041342480230116455 -0.04311134256383138 -0.04451470683443416 -0.04553621404555406 -0.04619011295141272 -0.046495581859294505 -0.04646254521465064 -0.046090324080218396 -0.04537620417197037 -0.044330733568396855 -0.04299240405834702 -0.04142517736774009 -0.03966987668587656 -0.03745940399686181 -0.01728356093606979 
-0.030679933197604675 -0.03268718791234363 -0.03487486778755274 -0.03714639312643979 -0.03936729655257741 -0.04139620114369892 -0.043124256114679974 -0.0444974370572927 -0.045508804217329266 -0.04617282702662434 -0.0465026976479788 -0.04650083521020807 -0.04616196573947082 -0.04548585872120629 -0.044496741286284655 -0.04326178126915075 -0.04189709632238482 -0.04055840238585655 -0.03925769107631782 -0.014586259569445278 
-0.02818446498867346 -0.030104688384916124 -0.032187801187846046 -0.03435314838879004 -0.036488063653532354 -0.0384700077836389 -0.040194418352302606 -0.04159207891911022 -0.0426283987314698 -0.04329136902764323 -0.043579476944183904 -0.04349572484160023 -0.04304902147142093 -0.04226201921770194 -0.04117961683227299 -0.03986237983472241 -0.038328981825020515 -0.0304798182095026 -0.028736148388788744 -0.01859527019972853 
-0.020691271964447047 -0.024327613637994728 -0.02610532301111812 -0.02799148856440753 -0.029915277622798258 -0.03178482703831683 -0.033495851290182586 -0.03494242446394265 -0.03603070734662295 -0.03669465125847854 -0.036907019222382695 -0.03667885516293025 -0.036049221915987986 -0.035072645447159496 -0.03380560149182648 -0.027248873191519227 -0.02677999224683394 -0.02584674273820224 -0.023762383054917204 -0.018551373809915186 
-0.012160645169378316 -0.01440218439935802 -0.015564206397406109 -0.0168490771361417 -0.01823766414458226 -0.019689656365927243 -0.02113486607086802 -0.022469889621481606 -0.023571761290190524 -0.024332120096536743 -0.02469413505232341 -0.024664713038994163 -0.024295010984316672 -0.02364821720607929 -0.022774067680714705 -0.018282747313679897 -0.017952492903358944 -0.017272640620558895 -0.016035976214645677 -0.014134734961243805 
0 0 0 0 0 0 0 0 0 0 0 0 0 0 0 0 0 0 0 0 

C
20
0 0 0 0 0 0 0 0 0 0 0 0 0 0 0 0 0 0 0 0 
0.009032275743376322 0.012210377175718242 0.012469351653809432 0.012820022795840763 0.016648499915640907 0.01918032324874564 0.020954796544845472 0.02209033366069181 0.022708019533903317 0.022905763042592654 0.025343139560723205 0.025102690753848775 0.024545929036718196 0.026657898463039613 0.025767810172793903 0.0248267703647141 0.023922521224905666 0.02311282848674141 0.02242492745095776 0.021859301622097805 
0.0167860081564133 0.01711713721182444 0.019974546741747052 0.023341928234605545 0.02728081391471687 0.029806346004453747 0.035189807169945596 0.03693266975160205 0.0380969193814752 0.03871760787531025 0.038818398834301174 0.0384201609220582 0.03755819828993665 0.03630002935763993 0.03475469559619666 0.0330650284559555 0.031381044908351266 0.029826923576662636 0.02847949950803459 0.02736320776353771 
0.024474824657200453 0.024859584649974162 0.02348936767365488 0.031342987424658894 0.038118015078972035 0.040378207909653054 0.04202416928660955 0.04321641255901272 0.044010712955741986 0.044430575373078665 0.044476520295289604 0.04412842024698656 0.04335345961627345 0.04212484460303782 0.040451956622543854 0.03840943480551582 0.03613632461912387 0.03378866060541053 0.03146612163883471 0.02659755572815932 
0.026196711657988647 0.026194414659801893 0.02720386808180277 0.041333775455918514 0.043097544309610825 0.04434981367700598 0.04531544653206612 0.046018335688020356 0.04647417619846742 0.04668831888880669 0.046647579936612366 0.0463141135229717 0.045623948414248966 0.04449395315114398 0.04284334464298617 0.04063018212072836 0.03787723375069156 0.03463661932593397 0.030874894397278092 0.026361994596567177 
0.024727655876473863 0.026076865725212665 0.02756773401951987 0.040595145979011066 0.044206741921657446 0.04530398581587714 0.04612626413495086 0.046678456434045036 0.04697868573968418 0.047042233639837075 0.04686773732462029 0.04642862047299003 0.04566910992906702 0.044506851933436196 0.04284630753069132 0.04060673176645744 0.03775122539094332 0.034274838319626175 0.030130721429906335 0.02521730579002369 
0.02435996615591202 0.024217971463588717 0.025225557739013554 0.04165474705938408 0.04300341096988476 0.04419520901977831 0.04512115979160248 0.045721796904691046 0.04598808542654802 0.045936884108477016 0.04558718104911113 0.044942716986183365 0.043983299403381027 0.042667785145160946 0.0409497173046189 0.03879950876098555 0.03621686503503502 0.03320813261946161 0.028479431446916954 0.024588616374567905 
0.017160560913103966 0.016596845750841423 0.027829368844494117 0.0356644100047263 0.03776636113531849 0.039171592518920544 0.04027279941941954 0.0410318681982223 0.041390847549851194 0.04133033322780145 0.04086870232556796 0.04004222558737414 0.03888515532875756 0.03742602717542167 0.03570154368758584 0.033769265390541425 0.031699358441007276 0.029542916393642208 0.026202647048993426 0.023993138187582756 
0.016519020153802848 0.01897795569956967 0.022812287015215312 0.02427481648501817 0.025446377813815764 0.026463123173789432 0.027326069830807653 0.027957848405139495 0.028257902716587107 0.028153690740913017 0.027636217059202214 0.026759535596284932 0.025609166429716047 0.024274227630824506 0.02284322828201477 0.021406531361248884 0.02004578845653751 0.01881634747295967 0.01773603146770684 0.016774813533226456 
0 0 0 0 0 0 0 0 0 0 0 0 0 0 0 0 0 0 0 0 
0 0 0 0 0 0 0 0 0 0 0 0 0 0 0 0 0 0 0 0 
-0.016519020153802848 -0.01897795569956967 -0.022812287015215312 -0.02427481648501817 -0.025446377813815764 -0.026463123173789432 -0.027326069830807653 -0.027957848405139495 -0.028257902716587107 -0.028153690740913017 -0.027636217059202214 -0.026759535596284932 -0.025609166429716047 -0.024274227630824506 -0.02284322828201477 -0.021406531361248884 -0.02004578845653751 -0.01881634747295967 -0.01773603146770684 -0.016774813533226456 
-0.017160560913103966 -0.016596845750841423 -0.027829368844494117 -0.0356644100047263 -0.03776636113531849 -0.039171592518920544 -0.04027279941941954 -0.0410318681982223 -0.041390847549851194 -0.04133033322780145 -0.04086870232556796 -0.04004222558737414 -0.03888515532875756 -0.03742602717542167 -0.03570154368758584 -0.033769265390541425 -0.031699358441007276 -0.029542916393642208 -0.026202647048993426 -0.023993138187582756 
-0.024359965960059644 -0.02421797157405332 -0.025225557170313263 -0.04165474674136107 -0.043003407788815035 -0.04419521026887011 -0.04512115935577961 -0.04572179614193422 -0.04598808419471841 -0.04593688456404793 -0.04558718141086667 -0.04494271636114469 -0.04398329912102429 -0.04266778631954918 -0.04094971699765589 -0.038799509262662325 -0.03621686505279334 -0.03320813248511184 -0.028479431456367072 -0.024588616021749596 
-0.024727656149519706 -0.026076866139086725 -0.027567733766081442 -0.04059514680048532 -0.04420674258335242 -0.045303983904320964 -0.04612626273729949 -0.04667845812124549 -0.046978684969427184 -0.047042232842646484 -0.046867737764748514 -0.04642861966319195 -0.04566910997509963 -0.044506852106573964 -0.04284630798966655 -0.040606730917067145 -0.03775122653654104 -0.03427483925170709 -0.03013072101905907 -0.025217306290393787 
-0.026196711937985197 -0.026194414726238055 -0.027203867234871865 -0.04133377613914241 -0.04309754329626474 -0.044349813926054596 -0.04531544722325611 -0.04601833521794831 -0.04647417665227066 -0.04668832008075857 -0.04664757965630841 -0.046314111631695555 -0.04562394933723238 -0.04449395260132155 -0.04284334387749651 -0.04063018247960761 -0.037877235078581636 -0.034636619576849 -0.030874894839175236 -0.026361993645102232 
-0.024474824657200453 -0.024859584649974162 -0.02348936767365488 -0.031342987424658894 -0.038118015078972035 -0.040378207909653054 -0.04202416928660955 -0.04321641255901272 -0.044010712955741986 -0.044430575373078665 -0.044476520295289604 -0.04412842024698656 -0.04335345961627345 -0.04212484460303782 -0.040451956622543854 -0.03840943480551582 -0.03613632461912387 -0.03378866060541053 -0.03146612163883471 -0.02659755572815932 
-0.0167860081564133 -0.01711713721182444 -0.019974546741747052 -0.023341928234605545 -0.02728081391471687 -0.029806346004453747 -0.035189807169945596 -0.03693266975160205 -0.0380969193814752 -0.03871760787531025 -0.038818398834301174 -0.0384201609220582 -0.03755819828993665 -0.03630002935763993 -0.03475469559619666 -0.0330650284559555 -0.031381044908351266 -0.029826923576662636 -0.02847949950803459 -0.02736320776353771 
-0.009032275468527412 -0.012210377022884487 -0.012469351347151053 -0.012820022649794934 -0.016648500275514816 -0.019180322876015947 -0.02095479692409188 -0.02209033326091265 -0.02270801911325493 -0.022905764046772754 -0.025343139781503394 -0.025102689526531913 -0.024545928990041644 -0.026657899489964415 -0.02576780777228796 -0.024826770901108464 -0.023922521179816844 -0.023112828975438256 -0.022424926706356717 -0.021859300765547193 
0 0 0 0 0 0 0 0 0 0 0 0 0 0 0 0 0 0 0 0 

C
20
0 0 0 0 0 0 0 0 0 0 0 0 0 0 0 0 0 0 0 0 
0.016205813507440166 0.016832289020040487 0.01958505303240496 0.021168509322321918 0.022865566409838146 0.024619532464919994 0.026321135560130406 0.02783695028440171 0.029036823830742662 0.028063282579436254 0.028585841568296688 0.030801820063723385 0.030700739408754243 0.03023108796253229 0.027690573235552195 0.026884372119043633 0.02554270074065989 0.023329693882844237 0.02036172358872747 0.017369198956596492 
0.021068877636234728 0.021520274923705156 0.028904325842163948 0.03281494848300421 0.03520890928290327 0.03731007246755831 0.03910543707720889 0.040559592465347204 0.041662436009173236 0.042412884226139994 0.04279666471737601 0.042771935450480345 0.04227235709162064 0.04122269218168747 0.03951982963151241 0.03683638460618402 0.03192071297910551 0.023665499512061417 0.019251426553733998 0.0184998518860231 
0.024127599063721247 0.025989346111781806 0.02759291484723256 0.039769001013856276 0.04204013103135628 0.04386874254678298 0.04527748653124208 0.04631669863393658 0.04705135211815237 0.047530978998184675 0.047773851432175066 0.04776089236092191 0.0474370725439987 0.04672140469519614 0.04551435614482301 0.04356610550379961 0.0375991035233187 0.02570282358993375 0.02576028560596669 0.025553791802254516 
0.02579541915124641 0.027770025565380656 0.02989668388795942 0.04262983254115539 0.044722201183689275 0.04634589783581151 0.04751838127230627 0.048321341581301525 0.048842731643288645 0.04914813978919201 0.04927105999358595 0.04921212111632466 0.04894206910200082 0.04840785009891841 0.047544712733047764 0.046298874932141576 0.04455441128441226 0.03172984709172291 0.030018087920378505 0.028332207365323533 
0.02572649008368374 0.02760460163636075 0.029553534245950138 0.04231998522592454 0.044675102059663144 0.04643052152338217 0.0476792009931052 0.04849626487393792 0.04898050837014362 0.04921492117201469 0.04925092537111761 0.04910601182874473 0.04876716537182696 0.0481970061422466 0.04734350268331509 0.046158828448744776 0.044635772622385564 0.03209156455754486 0.0302072400538196 0.02843618295470406 
0.023307835031370575 0.024540539391241678 0.024627450212050973 0.035156760024910354 0.04128950048529857 0.04377596806558525 0.04549975896975827 0.04665684384873791 0.04734572444630066 0.04766539915413599 0.04769249851417789 0.047466246927808424 0.046988441419502064 0.046232139322086724 0.04515539740292348 0.04371948313836101 0.04187541131085799 0.028620297687298124 0.027959243358907437 0.026353704541605787 
0.017366299718196466 0.01924437237225743 0.023437868034707383 0.029238247291342237 0.03409770610142446 0.03710051171343769 0.039298222622457205 0.04090330738645756 0.0419512427396383 0.042487053256344415 0.042573027140564774 0.042259225488914656 0.04156998535164523 0.04051263547219467 0.039094665093491604 0.037332002936642544 0.0351865791786401 0.03117825852503483 0.022404581410608304 0.02338832021767991 
0.016353004941752337 0.019133614348324782 0.02043623231825872 0.022458319723037003 0.0255446397317105 0.026763544494536076 0.027839924853886543 0.028778611074907527 0.029471703758811342 0.02794408635799503 0.027993853853656662 0.027626281509754325 0.02685107459254878 0.027673151099756918 0.026371165241867736 0.024898019953040626 0.023352934986115022 0.02176958529697353 0.017494161219933576 -0.02485248393386378 
0 0 0 0 0 0 0 0 0 0 0 0 0 0 0 0 0 0 0 0 
0 0 0 0 0 0 0 0 0 0 0 0 0 0 0 0 0 0 0 0 
-0.016353004941752337 -0.019133614348324782 -0.02043623231825872 -0.022458319723037003 -0.0255446397317105 -0.026763544494536076 -0.027839924853886543 -0.028778611074907527 -0.029471703758811342 -0.02794408635799503 -0.027993853853656662 -0.027626281509754325 -0.02685107459254878 -0.027673151099756918 -0.026371165241867736 -0.024898019953040626 -0.023352934986115022 -0.02176958529697353 -0.017494161219933576 0.02485248393386378 
-0.017366299718196466 -0.01924437237225743 -0.023437868034707383 -0.029238247291342237 -0.03409770610142446 -0.03710051171343769 -0.039298222622457205 -0.04090330738645756 -0.0419512427396383 -0.042487053256344415 -0.042573027140564774 -0.042259225488914656 -0.04156998535164523 -0.04051263547219467 -0.039094665093491604 -0.037332002936642544 -0.0351865791786401 -0.03117825852503483 -0.022404581410608304 -0.02338832021767991 
-0.023307835455672773 -0.024540539676404047 -0.024627449313912884 -0.03515676068706695 -0.04128950105827343 -0.04377596927439436 -0.04549975790654402 -0.04665684501801722 -0.0473457235977834 -0.04766539840559456 -0.04769249736696994 -0.047466246137521886 -0.04698844277228804 -0.046232139764783395 -0.045155401286193185 -0.04371948290167862 -0.04187541145523394 -0.028620295944255168 -0.02795924295741292 -0.026353703596975444 
-0.025726489355506022 -0.0276046018594382 -0.029553532836281593 -0.042319986848311814 -0.04467510318683503 -0.04643052215768873 -0.04767919994205926 -0.048496265355914586 -0.04898050850639834 -0.04921492011155893 -0.04925092587877896 -0.04910601265990457 -0.04876716887731373 -0.048197005739366125 -0.047343504510791785 -0.04615883060190599 -0.04463577252884563 -0.03209156577273532 -0.030207240158595064 -0.02843618272403201 
-0.025795419766030406 -0.027770025619004525 -0.029896685748754044 -0.04262983337356762 -0.04472220059142083 -0.04634589638756877 -0.04751838085165476 -0.04832134222573651 -0.04884273507043654 -0.049148139528979375 -0.04927105978888975 -0.04921212213208206 -0.0489420697030822 -0.04840784828172682 -0.04754471210726787 -0.04629887417535281 -0.04455441197111844 -0.03172984736237016 -0.030018087995916508 -0.028332206752688206 
-0.024127599063721247 -0.025989346111781806 -0.02759291484723256 -0.039769001013856276 -0.04204013103135628 -0.04386874254678298 -0.04527748653124208 -0.04631669863393658 -0.04705135211815237 -0.047530978998184675 -0.047773851432175066 -0.04776089236092191 -0.0474370725439987 -0.04672140469519614 -0.04551435614482301 -0.04356610550379961 -0.0375991035233187 -0.02570282358993375 -0.02576028560596669 -0.025553791802254516 
-0.021068877636234728 -0.021520274923705156 -0.028904325842163948 -0.03281494848300421 -0.03520890928290327 -0.03731007246755831 -0.03910543707720889 -0.040559592465347204 -0.041662436009173236 -0.042412884226139994 -0.04279666471737601 -0.042771935450480345 -0.04227235709162064 -0.04122269218168747 -0.03951982963151241 -0.03683638460618402 -0.03192071297910551 -0.023665499512061417 -0.019251426553733998 -0.0184998518860231 
-0.016205813378259645 -0.01683228882591439 -0.019585052641098846 -0.021168509226201344 -0.022865566968899062 -0.024619532673024146 -0.026321135813236404 -0.02783695066749674 -0.029036823622012424 -0.028063283348680048 -0.028585838626168255 -0.03080181930872056 -0.030700741189794992 -0.03023108752303097 -0.027690574647108626 -0.026884371105334273 -0.025542700779601264 -0.023329692968407548 -0.020361724003588693 -0.017369197954396683 
0 0 0 0 0 0 0 0 0 0 0 0 0 0 0 0 0 0 0 0 

