10 10

85.0 0.1 0.736693322704
86.0 0.1 0.233718109607
87.0 0.1 0.049004968993
88.0 0.1 0.437179354854
89.0 0.1 0.251604014499
90.0 0.1 0.966379409129
91.0 0.1 0.536375240085
92.0 0.1 0.223067071106
93.0 0.1 0.0588891910338
94.0 0.1 0.228903416913

85.0 0.1 0.0170495532282
86.0 0.1 0.0375805988606
87.0 0.1 0.517241371997
88.0 0.1 0.915733485547
89.0 0.1 0.0491648839041
90.0 0.1 0.991064517841
91.0 0.1 0.3840848615
92.0 0.1 0.0432894134378
93.0 0.1 0.297001604648
94.0 0.1 0.836293759171
