10 10

85.0 0.1 0.3899609375
86.0 0.1 0.405020507812
87.0 0.1 0.884223632813
88.0 0.1 0.846274414063
89.0 0.1 0.60730859375
90.0 0.1 0.666987304688
91.0 0.1 0.87426953125
92.0 0.1 0.520982421875
93.0 0.1 0.001861328125
94.0 0.1 0.519811523438

85.0 0.1 0.3899609375
86.0 0.1 0.405020507812
87.0 0.1 0.884223632813
88.0 0.1 0.846274414063
89.0 0.1 0.60730859375
90.0 0.1 0.666987304688
91.0 0.1 0.87426953125
92.0 0.1 0.520982421875
93.0 0.1 0.001861328125
94.0 0.1 0.519811523438
