74.500000 0.009367 0.146065
74.990000 0.009269 0.184316
75.480000 0.009203 0.368848
75.970000 0.008925 0.372861
76.460000 0.007939 0.116223
76.950000 0.008489 0.226651
77.440000 0.008137 0.331668
77.930000 0.007974 0.158532
78.420000 0.008375 0.325137
78.910000 0.008620 0.400566
79.400000 0.008129 0.753372
79.890000 0.007100 0.698498
80.380000 0.007847 0.428648
80.870000 0.008224 0.305721
81.360000 0.007559 0.730732
81.850000 0.006863 0.090643
82.340000 0.007498 0.492611
82.830000 0.007166 0.356595
83.320000 0.007576 0.356851
83.810000 0.007209 0.670128
84.300000 0.007132 0.387555
84.790000 0.007422 0.235367
85.280000 0.007179 0.315659
85.770000 0.007310 0.776505
86.260000 0.006591 0.451179
86.750000 0.007939 0.307579
87.240000 0.007423 0.652407
87.730000 0.007392 0.942571
88.220000 0.007979 0.002319
88.710000 0.007226 0.881625
89.200000 0.007921 0.219960
89.690000 0.008719 0.512684
90.180000 0.007692 0.437767
90.670000 0.007372 0.162591
91.160000 0.009000 0.097069
91.650000 0.007065 0.863937
92.140000 0.009069 0.407377
92.630000 0.008184 0.045259
93.120000 0.008828 0.666966
93.610000 0.010148 0.918398
94.100000 0.008109 0.667723
94.590000 0.011249 0.512326
95.080000 0.011819 0.715603
95.570000 0.010846 0.951475
96.060000 0.009538 0.263058
96.550000 0.011058 0.431203
97.040000 0.011460 0.323719
97.530000 0.011580 0.509535
98.020000 0.011630 0.021081
98.510000 0.011973 0.852734
99.000000 0.007663 0.768694
99.490000 0.012687 0.533808
99.980000 0.011164 0.436832
100.470000 0.012024 0.687945
100.960000 0.011689 0.984589
101.450000 0.011663 0.279366
101.940000 0.012170 0.466937
102.430000 0.010928 0.494411
102.920000 0.013671 0.766830
103.410000 0.011580 0.957391
103.900000 0.009515 0.378283
104.390000 0.012615 0.341646
104.880000 0.008873 0.823646
105.370000 0.007989 0.375117
105.860000 0.011136 0.831996
106.350000 0.009434 0.320390
106.840000 0.008537 0.625870
107.330000 0.010623 0.601206
107.820000 0.009029 0.450357
108.310000 0.009065 0.585888
108.800000 0.009142 0.306558
109.290000 0.009950 0.211352
109.780000 0.009080 0.613212
110.270000 0.010243 0.721583
110.760000 0.008365 0.039219
111.250000 0.007843 0.377921
111.740000 0.008260 0.676249
112.230000 0.009996 0.468109
112.720000 0.009450 0.642713
113.210000 0.009041 0.292075
113.700000 0.010168 0.228976
114.190000 0.008294 0.954843
114.680000 0.009592 0.862838
115.170000 0.008893 0.144609
115.660000 0.009930 0.496253
116.150000 0.009868 0.613394
116.640000 0.010342 0.451473
117.130000 0.009938 0.068892
117.620000 0.010426 0.531094
118.110000 0.010708 0.207266
118.600000 0.010250 0.515207
119.090000 0.010814 0.978786
119.580000 0.011003 0.915155
120.070000 0.011339 0.054351
120.560000 0.011664 0.814428
121.050000 0.012304 0.007363
121.540000 0.012983 0.059335
122.030000 0.016097 0.617573
122.520000 0.016952 0.051457
123.010000 0.016590 0.546420
