11 11

85.0 0.0909090909091 0.65971725587
86.0 0.0909090909091 0.977531175193
87.0 0.0909090909091 0.60871809693
88.0 0.0909090909091 0.591050917478
89.0 0.0909090909091 0.260517786457
90.0 0.0909090909091 0.454666120416
91.0 0.0909090909091 0.00933763923127
92.0 0.0909090909091 0.759407265459
93.0 0.0909090909091 0.556280891827
94.0 0.0909090909091 0.716573459533
95.0 0.0909090909091 0.992878947488

85.0 0.0909090909091 0.918836944222
86.0 0.0909090909091 0.111726614546
87.0 0.0909090909091 0.277845996743
88.0 0.0909090909091 0.828054762102
89.0 0.0909090909091 0.687552139182
90.0 0.0909090909091 0.334853275401
91.0 0.0909090909091 0.128261868819
92.0 0.0909090909091 0.470444278939
93.0 0.0909090909091 0.633862351678
94.0 0.0909090909091 0.171239331312
95.0 0.0909090909091 0.598814254786
