13 13

84.0 0.0769230769231 0.894678639537
85.0 0.0769230769231 0.0425767149125
86.0 0.0769230769231 0.220988897695
87.0 0.0769230769231 0.299799147882
88.0 0.0769230769231 0.098547289705
89.0 0.0769230769231 0.108102045733
90.0 0.0769230769231 0.851126277944
91.0 0.0769230769231 0.0895745112892
92.0 0.0769230769231 0.643521985017
93.0 0.0769230769231 0.42843569087
94.0 0.0769230769231 0.0209457869103
95.0 0.0769230769231 0.686179707932
96.0 0.0769230769231 0.694508563498

84.0 0.0769230769231 0.563320111364
85.0 0.0769230769231 0.756082219946
86.0 0.0769230769231 0.615795137525
87.0 0.0769230769231 0.547315332056
88.0 0.0769230769231 0.994663082941
89.0 0.0769230769231 0.358047992143
90.0 0.0769230769231 0.899565494463
91.0 0.0769230769231 0.15041972799
92.0 0.0769230769231 0.923014798737
93.0 0.0769230769231 0.627404446448
94.0 0.0769230769231 0.748140996211
95.0 0.0769230769231 0.80781286356
96.0 0.0769230769231 0.0701240579488
