15 15

83.0 0.0666666666667 0
84.0 0.0666666666667 0.7037
85.0 0.0666666666667 0.908
86.0 0.0666666666667 0.1094
87.0 0.0666666666667 0.806
88.0 0.0666666666667 0.6642
89.0 0.0666666666667 0.0245
90.0 0.0666666666667 0.5848
91.0 0.0666666666667 0.2138
92.0 0.0666666666667 0.2996
93.0 0.0666666666667 0.4496
94.0 0.0666666666667 0.5919
95.0 0.0666666666667 0.8489
96.0 0.0666666666667 0.7956
97.0 0.0666666666667 0.5931


83.0 0.0666666666667 0
84.0 0.0666666666667 0.555
85.0 0.0666666666667 0.109
86.0 0.0666666666667 0.664
87.0 0.0666666666667 0.217
88.0 0.0666666666667 0.771
89.0 0.0666666666667 0.325
90.0 0.0666666666667 0.878
91.0 0.0666666666667 0.432
92.0 0.0666666666667 0.988
93.0 0.0666666666667 0.542
94.0 0.0666666666667 0.108
95.0 0.0666666666667 0.661
96.0 0.0666666666667 0.201
97.0 0.0666666666667 0.756
