17 17

82.0 0.0588235294118 0.346340928076
83.0 0.0588235294118 0.377881934026
84.0 0.0588235294118 0.473522716804
85.0 0.0588235294118 0.12827061798
86.0 0.0588235294118 0.427602632351
87.0 0.0588235294118 0.283679184107
88.0 0.0588235294118 0.298558495374
89.0 0.0588235294118 0.0719104873696
90.0 0.0588235294118 0.485802781178
91.0 0.0588235294118 0.550552280914
92.0 0.0588235294118 0.769096872205
93.0 0.0588235294118 0.983071845098
94.0 0.0588235294118 0.0211439600144
95.0 0.0588235294118 0.442840144582
96.0 0.0588235294118 0.471049771806
97.0 0.0588235294118 0.394109687366
98.0 0.0588235294118 0.549117089545

82.0 0.0588235294118 0.143148100942
83.0 0.0588235294118 0.662480025855
84.0 0.0588235294118 0.511429894394
85.0 0.0588235294118 0.353143795548
86.0 0.0588235294118 0.534234076927
87.0 0.0588235294118 0.449530770022
88.0 0.0588235294118 0.0288709587457
89.0 0.0588235294118 0.161987742054
90.0 0.0588235294118 0.348344585362
91.0 0.0588235294118 0.365097374853
92.0 0.0588235294118 0.649415016205
93.0 0.0588235294118 0.905564252707
94.0 0.0588235294118 0.2772663106
95.0 0.0588235294118 0.538604926441
96.0 0.0588235294118 0.378376555367
97.0 0.0588235294118 0.405990571969
98.0 0.0588235294118 0.439443652901
