82.0 0.0588235294118 0.346340928076
83.0 0.0588235294118 0.377881934026
84.0 0.0588235294118 0.473522716804
85.0 0.0588235294118 0.12827061798
86.0 0.0588235294118 0.427602632351
87.0 0.0588235294118 0.283679184107
88.0 0.0588235294118 0.298558495374
89.0 0.0588235294118 0.0719104873696
90.0 0.0588235294118 0.485802781178
91.0 0.0588235294118 0.550552280914
92.0 0.0588235294118 0.769096872205
93.0 0.0588235294118 0.983071845098
94.0 0.0588235294118 0.0211439600144
95.0 0.0588235294118 0.442840144582
96.0 0.0588235294118 0.471049771806
97.0 0.0588235294118 0.394109687366
98.0 0.0588235294118 0.549117089545
