82.0 0.0588235294118 0.143148100942
83.0 0.0588235294118 0.662480025855
84.0 0.0588235294118 0.511429894394
85.0 0.0588235294118 0.353143795548
86.0 0.0588235294118 0.534234076927
87.0 0.0588235294118 0.449530770022
88.0 0.0588235294118 0.0288709587457
89.0 0.0588235294118 0.161987742054
90.0 0.0588235294118 0.348344585362
91.0 0.0588235294118 0.365097374853
92.0 0.0588235294118 0.649415016205
93.0 0.0588235294118 0.905564252707
94.0 0.0588235294118 0.2772663106
95.0 0.0588235294118 0.538604926441
96.0 0.0588235294118 0.378376555367
97.0 0.0588235294118 0.405990571969
98.0 0.0588235294118 0.439443652901
