7.450000000000000000e+01 8.441000000000000586e-03 2.873859999999999748e-01
7.645999999999999375e+01 8.030999999999999944e-03 2.091580000000000106e-01
7.842000000000000171e+01 7.649000000000000417e-03 4.883350000000000191e-01
8.037999999999999545e+01 7.562000000000000145e-03 3.865219999999999767e-01
8.234000000000000341e+01 7.442999999999999963e-03 9.613319999999999643e-01
8.429999999999999716e+01 7.235000000000000112e-03 7.920120000000000493e-01
8.626000000000000512e+01 7.419000000000000247e-03 9.313120000000000287e-01
8.821999999999999886e+01 7.514999999999999979e-03 5.590530000000000221e-01
9.018000000000000682e+01 7.844999999999999543e-03 8.868409999999999904e-01
9.214000000000000057e+01 8.680999999999999481e-03 8.523939999999999850e-01
9.409999999999999432e+01 9.114000000000000573e-03 4.495939999999999936e-01
9.606000000000000227e+01 9.929999999999999591e-03 1.608580000000000010e-01
9.801999999999999602e+01 1.033799999999999997e-02 5.548499999999999543e-01
9.998000000000000398e+01 1.050799999999999998e-02 9.172080000000000233e-01
1.019399999999999977e+02 1.051400000000000078e-02 5.725209999999999466e-01
1.039000000000000057e+02 1.051700000000000031e-02 5.184500000000000219e-02
1.058599999999999994e+02 9.764000000000000110e-03 7.097160000000000135e-01
1.078199999999999932e+02 9.228000000000000091e-03 5.011849999999999916e-01
1.097800000000000011e+02 8.774999999999999814e-03 3.900399999999999701e-02
1.117399999999999949e+02 8.878000000000000475e-03 2.228370000000000073e-01
1.137000000000000028e+02 9.270999999999999727e-03 4.723019999999999996e-01
1.156599999999999966e+02 1.000599999999999927e-02 1.106820000000000026e-01
1.176200000000000045e+02 1.050300000000000018e-02 9.493540000000000312e-01
1.195799999999999983e+02 1.188900000000000026e-02 5.880210000000000159e-01
1.215400000000000063e+02 1.408099999999999977e-02 4.089470000000000049e-01
