25 25

78.0 0.04 0.719605846268
79.0 0.04 0.182030721194
80.0 0.04 0.370736827403
81.0 0.04 0.677346107219
82.0 0.04 0.997313118829
83.0 0.04 0.41292880665
84.0 0.04 0.154494825752
85.0 0.04 0.62079223226
86.0 0.04 0.851926749043
87.0 0.04 0.0348491156255
88.0 0.04 0.536445065199
89.0 0.04 0.0928638325079
90.0 0.04 0.966734089742
91.0 0.04 0.319378626487
92.0 0.04 0.497127501815
93.0 0.04 0.249072059981
94.0 0.04 0.813036331987
95.0 0.04 0.450111849025
96.0 0.04 0.501562949901
97.0 0.04 0.026854370447
98.0 0.04 0.571882342868
99.0 0.04 0.141691450073
100.0 0.04 0.544583617437
101.0 0.04 0.89505970289
102.0 0.04 0.263003096243

78.0 0.04 0.579520009336
79.0 0.04 0.933397090703
80.0 0.04 0.878600887875
81.0 0.04 0.324016417457
82.0 0.04 0.863796784997
83.0 0.04 0.255488945786
84.0 0.04 0.206904644245
85.0 0.04 0.681904794864
86.0 0.04 0.408312008243
87.0 0.04 0.858384709971
88.0 0.04 0.220072287496
89.0 0.04 0.088918468343
90.0 0.04 0.0382668181879
91.0 0.04 0.112188564871
92.0 0.04 0.75410897041
93.0 0.04 0.473560382004
94.0 0.04 0.0515743245056
95.0 0.04 0.407218915514
96.0 0.04 0.889402791032
97.0 0.04 0.872689794789
98.0 0.04 0.170383709152
99.0 0.04 0.402168861982
100.0 0.04 0.473624981669
101.0 0.04 0.488456865328
102.0 0.04 0.474527340737
