78.0 0.04 0.579520009336
79.0 0.04 0.933397090703
80.0 0.04 0.878600887875
81.0 0.04 0.324016417457
82.0 0.04 0.863796784997
83.0 0.04 0.255488945786
84.0 0.04 0.206904644245
85.0 0.04 0.681904794864
86.0 0.04 0.408312008243
87.0 0.04 0.858384709971
88.0 0.04 0.220072287496
89.0 0.04 0.088918468343
90.0 0.04 0.0382668181879
91.0 0.04 0.112188564871
92.0 0.04 0.75410897041
93.0 0.04 0.473560382004
94.0 0.04 0.0515743245056
95.0 0.04 0.407218915514
96.0 0.04 0.889402791032
97.0 0.04 0.872689794789
98.0 0.04 0.170383709152
99.0 0.04 0.402168861982
100.0 0.04 0.473624981669
101.0 0.04 0.488456865328
102.0 0.04 0.474527340737
