31 31

74.5 0.0322580645161 0.0
75.5 0.0322580645161 0.0
76.5 0.0322580645161 0.0
77.5 0.0322580645161 0.0
78.5 0.0322580645161 0.0
79.5 0.0322580645161 0.0
80.5 0.0322580645161 0.0
81.5 0.0322580645161 0.0
82.5 0.0322580645161 0.0
83.5 0.0322580645161 0.0
84.5 0.0322580645161 0.0
85.5 0.0322580645161 0.0
86.5 0.0322580645161 0.0
87.5 0.0322580645161 0.0
88.5 0.0322580645161 0.0
89.5 0.0322580645161 0.0
90.5 0.0322580645161 0.0
91.5 0.0322580645161 0.0
92.5 0.0322580645161 0.0
93.5 0.0322580645161 0.0
94.5 0.0322580645161 0.0
95.5 0.0322580645161 0.0
96.5 0.0322580645161 0.0
97.5 0.0322580645161 0.0
98.5 0.0322580645161 0.0
99.5 0.0322580645161 0.0
100.5 0.0322580645161 0.0
101.5 0.0322580645161 0.0
102.5 0.0322580645161 0.0
103.5 0.0322580645161 0.0
104.5 0.0322580645161 0.0
105.5 0.0322580645161 0.0

74.5 0.0322580645161 0.0
75.5 0.0322580645161 0.0
76.5 0.0322580645161 0.0
77.5 0.0322580645161 0.0
78.5 0.0322580645161 0.0
79.5 0.0322580645161 0.0
80.5 0.0322580645161 0.0
81.5 0.0322580645161 0.0
82.5 0.0322580645161 0.0
83.5 0.0322580645161 0.0
84.5 0.0322580645161 0.0
85.5 0.0322580645161 0.0
86.5 0.0322580645161 0.0
87.5 0.0322580645161 0.0
88.5 0.0322580645161 0.0
89.5 0.0322580645161 0.0
90.5 0.0322580645161 0.0
91.5 0.0322580645161 0.0
92.5 0.0322580645161 0.0
93.5 0.0322580645161 0.0
94.5 0.0322580645161 0.0
95.5 0.0322580645161 0.0
96.5 0.0322580645161 0.0
97.5 0.0322580645161 0.0
98.5 0.0322580645161 0.0
99.5 0.0322580645161 0.0
100.5 0.0322580645161 0.0
101.5 0.0322580645161 0.0
102.5 0.0322580645161 0.0
103.5 0.0322580645161 0.0
104.5 0.0322580645161 0.0
105.5 0.0322580645161 0.0
