33 33

74.0 0.030303030303 0.258813289843
75.0 0.030303030303 0.70901084549
76.0 0.030303030303 0.203818268108
77.0 0.030303030303 0.958932695032
78.0 0.030303030303 0.815646751328
79.0 0.030303030303 0.528593992516
80.0 0.030303030303 0.842530685231
81.0 0.030303030303 0.901431002778
82.0 0.030303030303 0.677325008638
83.0 0.030303030303 0.236027816164
84.0 0.030303030303 0.302080961582
85.0 0.030303030303 0.194227415877
86.0 0.030303030303 0.0302981254875
87.0 0.030303030303 0.589230724912
88.0 0.030303030303 0.33559607404
89.0 0.030303030303 0.369650645961
90.0 0.030303030303 0.398233985063
91.0 0.030303030303 0.403265381161
92.0 0.030303030303 0.00510369038248
93.0 0.030303030303 0.835241084999
94.0 0.030303030303 0.921103111043
95.0 0.030303030303 0.614729700293
96.0 0.030303030303 0.875895141048
97.0 0.030303030303 0.94260667943
98.0 0.030303030303 0.282743068005
99.0 0.030303030303 0.776476251649
100.0 0.030303030303 0.64634335042
101.0 0.030303030303 0.288896826846
102.0 0.030303030303 0.540658044764
103.0 0.030303030303 0.269709869717
104.0 0.030303030303 0.553604096049
105.0 0.030303030303 0.691560061699
106.0 0.030303030303 0.756676871821

74.0 0.030303030303 0.627648498848
75.0 0.030303030303 0.432534131486
76.0 0.030303030303 0.177464837481
77.0 0.030303030303 0.922425160355
78.0 0.030303030303 0.316423467337
79.0 0.030303030303 0.377553500423
80.0 0.030303030303 0.34823778792
81.0 0.030303030303 0.91614355941
82.0 0.030303030303 0.870316878009
83.0 0.030303030303 0.191229982145
84.0 0.030303030303 0.0742673799341
85.0 0.030303030303 0.989749277495
86.0 0.030303030303 0.226785441725
87.0 0.030303030303 0.214531691202
88.0 0.030303030303 0.895614038885
89.0 0.030303030303 0.2788116775
90.0 0.030303030303 0.225391385098
91.0 0.030303030303 0.357625321479
92.0 0.030303030303 0.898217543244
93.0 0.030303030303 0.81375316205
94.0 0.030303030303 0.411640752479
95.0 0.030303030303 0.0925808410287
96.0 0.030303030303 0.700811344964
97.0 0.030303030303 0.9164915886
98.0 0.030303030303 0.399354800076
99.0 0.030303030303 0.0936010685807
100.0 0.030303030303 0.970185304287
101.0 0.030303030303 0.63999345773
102.0 0.030303030303 0.0129355721089
103.0 0.030303030303 0.000631934108391
104.0 0.030303030303 0.836824157026
105.0 0.030303030303 0.294990199888
106.0 0.030303030303 0.907207335154
