74.0 0.030303030303 0.258813289843
75.0 0.030303030303 0.70901084549
76.0 0.030303030303 0.203818268108
77.0 0.030303030303 0.958932695032
78.0 0.030303030303 0.815646751328
79.0 0.030303030303 0.528593992516
80.0 0.030303030303 0.842530685231
81.0 0.030303030303 0.901431002778
82.0 0.030303030303 0.677325008638
83.0 0.030303030303 0.236027816164
84.0 0.030303030303 0.302080961582
85.0 0.030303030303 0.194227415877
86.0 0.030303030303 0.0302981254875
87.0 0.030303030303 0.589230724912
88.0 0.030303030303 0.33559607404
89.0 0.030303030303 0.369650645961
90.0 0.030303030303 0.398233985063
91.0 0.030303030303 0.403265381161
92.0 0.030303030303 0.00510369038248
93.0 0.030303030303 0.835241084999
94.0 0.030303030303 0.921103111043
95.0 0.030303030303 0.614729700293
96.0 0.030303030303 0.875895141048
97.0 0.030303030303 0.94260667943
98.0 0.030303030303 0.282743068005
99.0 0.030303030303 0.776476251649
100.0 0.030303030303 0.64634335042
101.0 0.030303030303 0.288896826846
102.0 0.030303030303 0.540658044764
103.0 0.030303030303 0.269709869717
104.0 0.030303030303 0.553604096049
105.0 0.030303030303 0.691560061699
106.0 0.030303030303 0.756676871821
