35 35

75.0 0.0285714285714 0.0
75.8823529412 0.0285714285714 0.0
76.7647058824 0.0285714285714 0.0
77.6470588235 0.0285714285714 0.0
78.5294117647 0.0285714285714 0.0
79.4117647059 0.0285714285714 0.0
80.2941176471 0.0285714285714 0.0
81.1764705882 0.0285714285714 0.0
82.0588235294 0.0285714285714 0.0
82.9411764706 0.0285714285714 0.0
83.8235294118 0.0285714285714 0.0
84.7058823529 0.0285714285714 0.0
85.5882352941 0.0285714285714 0.0
86.4705882353 0.0285714285714 0.0
87.3529411765 0.0285714285714 0.0
88.2352941176 0.0285714285714 0.0
89.1176470588 0.0285714285714 0.0
90.0 0.0285714285714 0.0
90.8823529412 0.0285714285714 0.0
91.7647058824 0.0285714285714 0.0
92.6470588235 0.0285714285714 0.0
93.5294117647 0.0285714285714 0.0
94.4117647059 0.0285714285714 0.0
95.2941176471 0.0285714285714 0.0
96.1764705882 0.0285714285714 0.0
97.0588235294 0.0285714285714 0.0
97.9411764706 0.0285714285714 0.0
98.8235294118 0.0285714285714 0.0
99.7058823529 0.0285714285714 0.0
100.588235294 0.0285714285714 0.0
101.470588235 0.0285714285714 0.0
102.352941176 0.0285714285714 0.0
103.235294118 0.0285714285714 0.0
104.117647059 0.0285714285714 0.0
105.0 0.0285714285714 0.0

75.0 0.0285714285714 0.0
75.8823529412 0.0285714285714 0.0
76.7647058824 0.0285714285714 0.0
77.6470588235 0.0285714285714 0.0
78.5294117647 0.0285714285714 0.0
79.4117647059 0.0285714285714 0.0
80.2941176471 0.0285714285714 0.0
81.1764705882 0.0285714285714 0.0
82.0588235294 0.0285714285714 0.0
82.9411764706 0.0285714285714 0.0
83.8235294118 0.0285714285714 0.0
84.7058823529 0.0285714285714 0.0
85.5882352941 0.0285714285714 0.0
86.4705882353 0.0285714285714 0.0
87.3529411765 0.0285714285714 0.0
88.2352941176 0.0285714285714 0.0
89.1176470588 0.0285714285714 0.0
90.0 0.0285714285714 0.0
90.8823529412 0.0285714285714 0.0
91.7647058824 0.0285714285714 0.0
92.6470588235 0.0285714285714 0.0
93.5294117647 0.0285714285714 0.0
94.4117647059 0.0285714285714 0.0
95.2941176471 0.0285714285714 0.0
96.1764705882 0.0285714285714 0.0
97.0588235294 0.0285714285714 0.0
97.9411764706 0.0285714285714 0.0
98.8235294118 0.0285714285714 0.0
99.7058823529 0.0285714285714 0.0
100.588235294 0.0285714285714 0.0
101.470588235 0.0285714285714 0.0
102.352941176 0.0285714285714 0.0
103.235294118 0.0285714285714 0.0
104.117647059 0.0285714285714 0.0
105.0 0.0285714285714 0.0
