75.0 0.027027027027 0.0
75.8333333333 0.027027027027 0.0
76.6666666667 0.027027027027 0.0
77.5 0.027027027027 0.0
78.3333333333 0.027027027027 0.0
79.1666666667 0.027027027027 0.0
80.0 0.027027027027 0.0
80.8333333333 0.027027027027 0.0
81.6666666667 0.027027027027 0.0
82.5 0.027027027027 0.0
83.3333333333 0.027027027027 0.0
84.1666666667 0.027027027027 0.0
85.0 0.027027027027 0.0
85.8333333333 0.027027027027 0.0
86.6666666667 0.027027027027 0.0
87.5 0.027027027027 0.0
88.3333333333 0.027027027027 0.0
89.1666666667 0.027027027027 0.0
90.0 0.027027027027 0.0
90.8333333333 0.027027027027 0.0
91.6666666667 0.027027027027 0.0
92.5 0.027027027027 0.0
93.3333333333 0.027027027027 0.0
94.1666666667 0.027027027027 0.0
95.0 0.027027027027 0.0
95.8333333333 0.027027027027 0.0
96.6666666667 0.027027027027 0.0
97.5 0.027027027027 0.0
98.3333333333 0.027027027027 0.0
99.1666666667 0.027027027027 0.0
100.0 0.027027027027 0.0
100.833333333 0.027027027027 0.0
101.666666667 0.027027027027 0.0
102.5 0.027027027027 0.0
103.333333333 0.027027027027 0.0
104.166666667 0.027027027027 0.0
105.0 0.027027027027 0.0
