75.0 0.0263157894737 0.0
75.8108108108 0.0263157894737 0.0
76.6216216216 0.0263157894737 0.0
77.4324324324 0.0263157894737 0.0
78.2432432432 0.0263157894737 0.0
79.0540540541 0.0263157894737 0.0
79.8648648649 0.0263157894737 0.0
80.6756756757 0.0263157894737 0.0
81.4864864865 0.0263157894737 0.0
82.2972972973 0.0263157894737 0.0
83.1081081081 0.0263157894737 0.0
83.9189189189 0.0263157894737 0.0
84.7297297297 0.0263157894737 0.0
85.5405405405 0.0263157894737 0.0
86.3513513514 0.0263157894737 0.0
87.1621621622 0.0263157894737 0.0
87.972972973 0.0263157894737 0.0
88.7837837838 0.0263157894737 0.0
89.5945945946 0.0263157894737 0.0
90.4054054054 0.0263157894737 0.0
91.2162162162 0.0263157894737 0.0
92.027027027 0.0263157894737 0.0
92.8378378378 0.0263157894737 0.0
93.6486486486 0.0263157894737 0.0
94.4594594595 0.0263157894737 0.0
95.2702702703 0.0263157894737 0.0
96.0810810811 0.0263157894737 0.0
96.8918918919 0.0263157894737 0.0
97.7027027027 0.0263157894737 0.0
98.5135135135 0.0263157894737 0.0
99.3243243243 0.0263157894737 0.0
100.135135135 0.0263157894737 0.0
100.945945946 0.0263157894737 0.0
101.756756757 0.0263157894737 0.0
102.567567568 0.0263157894737 0.0
103.378378378 0.0263157894737 0.0
104.189189189 0.0263157894737 0.0
105.0 0.0263157894737 0.0
