39 39

75.0 0.025641025641 0.0
75.7894736842 0.025641025641 0.0
76.5789473684 0.025641025641 0.0
77.3684210526 0.025641025641 0.0
78.1578947368 0.025641025641 0.0
78.9473684211 0.025641025641 0.0
79.7368421053 0.025641025641 0.0
80.5263157895 0.025641025641 0.0
81.3157894737 0.025641025641 0.0
82.1052631579 0.025641025641 0.0
82.8947368421 0.025641025641 0.0
83.6842105263 0.025641025641 0.0
84.4736842105 0.025641025641 0.0
85.2631578947 0.025641025641 0.0
86.0526315789 0.025641025641 0.0
86.8421052632 0.025641025641 0.0
87.6315789474 0.025641025641 0.0
88.4210526316 0.025641025641 0.0
89.2105263158 0.025641025641 0.0
90.0 0.025641025641 0.0
90.7894736842 0.025641025641 0.0
91.5789473684 0.025641025641 0.0
92.3684210526 0.025641025641 0.0
93.1578947368 0.025641025641 0.0
93.9473684211 0.025641025641 0.0
94.7368421053 0.025641025641 0.0
95.5263157895 0.025641025641 0.0
96.3157894737 0.025641025641 0.0
97.1052631579 0.025641025641 0.0
97.8947368421 0.025641025641 0.0
98.6842105263 0.025641025641 0.0
99.4736842105 0.025641025641 0.0
100.263157895 0.025641025641 0.0
101.052631579 0.025641025641 0.0
101.842105263 0.025641025641 0.0
102.631578947 0.025641025641 0.0
103.421052632 0.025641025641 0.0
104.210526316 0.025641025641 0.0
105.0 0.025641025641 0.0

75.0 0.025641025641 0.0
75.7894736842 0.025641025641 0.0
76.5789473684 0.025641025641 0.0
77.3684210526 0.025641025641 0.0
78.1578947368 0.025641025641 0.0
78.9473684211 0.025641025641 0.0
79.7368421053 0.025641025641 0.0
80.5263157895 0.025641025641 0.0
81.3157894737 0.025641025641 0.0
82.1052631579 0.025641025641 0.0
82.8947368421 0.025641025641 0.0
83.6842105263 0.025641025641 0.0
84.4736842105 0.025641025641 0.0
85.2631578947 0.025641025641 0.0
86.0526315789 0.025641025641 0.0
86.8421052632 0.025641025641 0.0
87.6315789474 0.025641025641 0.0
88.4210526316 0.025641025641 0.0
89.2105263158 0.025641025641 0.0
90.0 0.025641025641 0.0
90.7894736842 0.025641025641 0.0
91.5789473684 0.025641025641 0.0
92.3684210526 0.025641025641 0.0
93.1578947368 0.025641025641 0.0
93.9473684211 0.025641025641 0.0
94.7368421053 0.025641025641 0.0
95.5263157895 0.025641025641 0.0
96.3157894737 0.025641025641 0.0
97.1052631579 0.025641025641 0.0
97.8947368421 0.025641025641 0.0
98.6842105263 0.025641025641 0.0
99.4736842105 0.025641025641 0.0
100.263157895 0.025641025641 0.0
101.052631579 0.025641025641 0.0
101.842105263 0.025641025641 0.0
102.631578947 0.025641025641 0.0
103.421052632 0.025641025641 0.0
104.210526316 0.025641025641 0.0
105.0 0.025641025641 0.0
