75.0 0.025 0.0
75.7692307692 0.025 0.0
76.5384615385 0.025 0.0
77.3076923077 0.025 0.0
78.0769230769 0.025 0.0
78.8461538462 0.025 0.0
79.6153846154 0.025 0.0
80.3846153846 0.025 0.0
81.1538461538 0.025 0.0
81.9230769231 0.025 0.0
82.6923076923 0.025 0.0
83.4615384615 0.025 0.0
84.2307692308 0.025 0.0
85.0 0.025 0.0
85.7692307692 0.025 0.0
86.5384615385 0.025 0.0
87.3076923077 0.025 0.0
88.0769230769 0.025 0.0
88.8461538462 0.025 0.0
89.6153846154 0.025 0.0
90.3846153846 0.025 0.0
91.1538461538 0.025 0.0
91.9230769231 0.025 0.0
92.6923076923 0.025 0.0
93.4615384615 0.025 0.0
94.2307692308 0.025 0.0
95.0 0.025 0.0
95.7692307692 0.025 0.0
96.5384615385 0.025 0.0
97.3076923077 0.025 0.0
98.0769230769 0.025 0.0
98.8461538462 0.025 0.0
99.6153846154 0.025 0.0
100.384615385 0.025 0.0
101.153846154 0.025 0.0
101.923076923 0.025 0.0
102.692307692 0.025 0.0
103.461538462 0.025 0.0
104.230769231 0.025 0.0
105.0 0.025 0.0
