75.000000 0.008829 0.287386
75.650000 0.008674 0.055338
76.300000 0.008361 0.988415
76.950000 0.008259 0.520265
77.600000 0.008230 0.209158
78.250000 0.008149 0.395979
78.900000 0.007897 0.482652
79.550000 0.008072 0.143106
80.200000 0.007758 0.488335
80.850000 0.008065 0.557395
81.500000 0.007513 0.240023
82.150000 0.007771 0.394422
82.800000 0.007414 0.386522
83.450000 0.007738 0.915716
84.100000 0.007930 0.924791
84.750000 0.007321 0.772986
85.400000 0.007506 0.961332
86.050000 0.007615 0.349250
86.700000 0.007901 0.274402
87.350000 0.007901 0.257226
88.000000 0.007925 0.792012
88.650000 0.007952 0.996783
89.300000 0.008070 0.950517
89.950000 0.008290 0.843022
90.600000 0.008550 0.931312
91.250000 0.008858 0.201822
91.900000 0.008777 0.352571
92.550000 0.009014 0.065674
93.200000 0.008877 0.559053
93.850000 0.009567 0.370382
94.500000 0.009586 0.634816
95.150000 0.009651 0.036445
95.800000 0.009718 0.886841
96.450000 0.009820 0.534864
97.100000 0.010236 0.284021
97.750000 0.010879 0.218363
98.400000 0.009989 0.852394
99.050000 0.010761 0.235801
99.700000 0.011152 0.398301
100.350000 0.010609 0.349891
101.000000 0.010831 0.449594
101.650000 0.010552 0.186920
102.300000 0.010732 0.358139
102.950000 0.010493 0.963781
103.600000 0.010069 0.160858
104.250000 0.010134 0.223173
104.900000 0.009312 0.663304
105.550000 0.009686 0.139342
106.200000 0.009015 0.554850
106.850000 0.009062 0.361832
