51 51

65.0 0.0196078431373 0.683055611081
66.0 0.0196078431373 0.881849486789
67.0 0.0196078431373 0.687919130834
68.0 0.0196078431373 0.538062693859
69.0 0.0196078431373 0.314682336459
70.0 0.0196078431373 0.0268049600162
71.0 0.0196078431373 0.744127601411
72.0 0.0196078431373 0.610530860422
73.0 0.0196078431373 0.797198171512
74.0 0.0196078431373 0.652383550857
75.0 0.0196078431373 0.876192478772
76.0 0.0196078431373 0.709327579913
77.0 0.0196078431373 0.535638248471
78.0 0.0196078431373 0.395762820045
79.0 0.0196078431373 0.252076341524
80.0 0.0196078431373 0.290705675868
81.0 0.0196078431373 0.882308153878
82.0 0.0196078431373 0.538251010864
83.0 0.0196078431373 0.0514675226699
84.0 0.0196078431373 0.187248792529
85.0 0.0196078431373 0.772692701515
86.0 0.0196078431373 0.827841991908
87.0 0.0196078431373 0.161263074018
88.0 0.0196078431373 0.074800172714
89.0 0.0196078431373 0.748368349403
90.0 0.0196078431373 0.702614286216
91.0 0.0196078431373 0.535777279242
92.0 0.0196078431373 0.775480723589
93.0 0.0196078431373 0.952153057561
94.0 0.0196078431373 0.301918523476
95.0 0.0196078431373 0.678065130002
96.0 0.0196078431373 0.23786736675
97.0 0.0196078431373 0.694560894784
98.0 0.0196078431373 0.379961493885
99.0 0.0196078431373 0.24501214942
100.0 0.0196078431373 0.508270926068
101.0 0.0196078431373 0.460418276158
102.0 0.0196078431373 0.568384358493
103.0 0.0196078431373 0.121596639993
104.0 0.0196078431373 0.948239609635
105.0 0.0196078431373 0.658668821426
106.0 0.0196078431373 0.00453897187663
107.0 0.0196078431373 0.595233586878
108.0 0.0196078431373 0.286007084697
109.0 0.0196078431373 0.780204900821
110.0 0.0196078431373 0.746117096712
111.0 0.0196078431373 0.987620211308
112.0 0.0196078431373 0.603145995186
113.0 0.0196078431373 0.934622149459
114.0 0.0196078431373 0.895678855892
115.0 0.0196078431373 0.518140180708

65.0 0.0196078431373 0.101755471625
66.0 0.0196078431373 0.268941623658
67.0 0.0196078431373 0.398593269158
68.0 0.0196078431373 0.388180878
69.0 0.0196078431373 0.926187641129
70.0 0.0196078431373 0.134114623496
71.0 0.0196078431373 0.578233126352
72.0 0.0196078431373 0.474746621307
73.0 0.0196078431373 0.731154029618
74.0 0.0196078431373 0.469283515508
75.0 0.0196078431373 0.207207306771
76.0 0.0196078431373 0.379247311419
77.0 0.0196078431373 0.898382893109
78.0 0.0196078431373 0.415248283107
79.0 0.0196078431373 0.777497457274
80.0 0.0196078431373 0.967989928462
81.0 0.0196078431373 0.579298012726
82.0 0.0196078431373 0.297872838744
83.0 0.0196078431373 0.377848793943
84.0 0.0196078431373 0.321731375186
85.0 0.0196078431373 0.654349455659
86.0 0.0196078431373 0.937224632589
87.0 0.0196078431373 0.901256797766
88.0 0.0196078431373 0.312958755042
89.0 0.0196078431373 0.785559775759
90.0 0.0196078431373 0.644828201819
91.0 0.0196078431373 0.463587222502
92.0 0.0196078431373 0.622425273119
93.0 0.0196078431373 0.607719011064
94.0 0.0196078431373 0.318396459231
95.0 0.0196078431373 0.158655187806
96.0 0.0196078431373 0.0808570346415
97.0 0.0196078431373 0.451723486612
98.0 0.0196078431373 0.567767718809
99.0 0.0196078431373 0.0963198296149
100.0 0.0196078431373 0.220886600123
101.0 0.0196078431373 0.759500641617
102.0 0.0196078431373 0.585000614057
103.0 0.0196078431373 0.035551438186
104.0 0.0196078431373 0.651321430194
105.0 0.0196078431373 0.286301426745
106.0 0.0196078431373 0.223322067157
107.0 0.0196078431373 0.110742542295
108.0 0.0196078431373 0.82375863906
109.0 0.0196078431373 0.810096722676
110.0 0.0196078431373 0.0645935329381
111.0 0.0196078431373 0.875238471687
112.0 0.0196078431373 0.910700894306
113.0 0.0196078431373 0.343132355646
114.0 0.0196078431373 0.409008628999
115.0 0.0196078431373 0.362062496496
