65.0 0.0196078431373 0.683055611081
66.0 0.0196078431373 0.881849486789
67.0 0.0196078431373 0.687919130834
68.0 0.0196078431373 0.538062693859
69.0 0.0196078431373 0.314682336459
70.0 0.0196078431373 0.0268049600162
71.0 0.0196078431373 0.744127601411
72.0 0.0196078431373 0.610530860422
73.0 0.0196078431373 0.797198171512
74.0 0.0196078431373 0.652383550857
75.0 0.0196078431373 0.876192478772
76.0 0.0196078431373 0.709327579913
77.0 0.0196078431373 0.535638248471
78.0 0.0196078431373 0.395762820045
79.0 0.0196078431373 0.252076341524
80.0 0.0196078431373 0.290705675868
81.0 0.0196078431373 0.882308153878
82.0 0.0196078431373 0.538251010864
83.0 0.0196078431373 0.0514675226699
84.0 0.0196078431373 0.187248792529
85.0 0.0196078431373 0.772692701515
86.0 0.0196078431373 0.827841991908
87.0 0.0196078431373 0.161263074018
88.0 0.0196078431373 0.074800172714
89.0 0.0196078431373 0.748368349403
90.0 0.0196078431373 0.702614286216
91.0 0.0196078431373 0.535777279242
92.0 0.0196078431373 0.775480723589
93.0 0.0196078431373 0.952153057561
94.0 0.0196078431373 0.301918523476
95.0 0.0196078431373 0.678065130002
96.0 0.0196078431373 0.23786736675
97.0 0.0196078431373 0.694560894784
98.0 0.0196078431373 0.379961493885
99.0 0.0196078431373 0.24501214942
100.0 0.0196078431373 0.508270926068
101.0 0.0196078431373 0.460418276158
102.0 0.0196078431373 0.568384358493
103.0 0.0196078431373 0.121596639993
104.0 0.0196078431373 0.948239609635
105.0 0.0196078431373 0.658668821426
106.0 0.0196078431373 0.00453897187663
107.0 0.0196078431373 0.595233586878
108.0 0.0196078431373 0.286007084697
109.0 0.0196078431373 0.780204900821
110.0 0.0196078431373 0.746117096712
111.0 0.0196078431373 0.987620211308
112.0 0.0196078431373 0.603145995186
113.0 0.0196078431373 0.934622149459
114.0 0.0196078431373 0.895678855892
115.0 0.0196078431373 0.518140180708
