65.0 0.0196078431373 0.101755471625
66.0 0.0196078431373 0.268941623658
67.0 0.0196078431373 0.398593269158
68.0 0.0196078431373 0.388180878
69.0 0.0196078431373 0.926187641129
70.0 0.0196078431373 0.134114623496
71.0 0.0196078431373 0.578233126352
72.0 0.0196078431373 0.474746621307
73.0 0.0196078431373 0.731154029618
74.0 0.0196078431373 0.469283515508
75.0 0.0196078431373 0.207207306771
76.0 0.0196078431373 0.379247311419
77.0 0.0196078431373 0.898382893109
78.0 0.0196078431373 0.415248283107
79.0 0.0196078431373 0.777497457274
80.0 0.0196078431373 0.967989928462
81.0 0.0196078431373 0.579298012726
82.0 0.0196078431373 0.297872838744
83.0 0.0196078431373 0.377848793943
84.0 0.0196078431373 0.321731375186
85.0 0.0196078431373 0.654349455659
86.0 0.0196078431373 0.937224632589
87.0 0.0196078431373 0.901256797766
88.0 0.0196078431373 0.312958755042
89.0 0.0196078431373 0.785559775759
90.0 0.0196078431373 0.644828201819
91.0 0.0196078431373 0.463587222502
92.0 0.0196078431373 0.622425273119
93.0 0.0196078431373 0.607719011064
94.0 0.0196078431373 0.318396459231
95.0 0.0196078431373 0.158655187806
96.0 0.0196078431373 0.0808570346415
97.0 0.0196078431373 0.451723486612
98.0 0.0196078431373 0.567767718809
99.0 0.0196078431373 0.0963198296149
100.0 0.0196078431373 0.220886600123
101.0 0.0196078431373 0.759500641617
102.0 0.0196078431373 0.585000614057
103.0 0.0196078431373 0.035551438186
104.0 0.0196078431373 0.651321430194
105.0 0.0196078431373 0.286301426745
106.0 0.0196078431373 0.223322067157
107.0 0.0196078431373 0.110742542295
108.0 0.0196078431373 0.82375863906
109.0 0.0196078431373 0.810096722676
110.0 0.0196078431373 0.0645935329381
111.0 0.0196078431373 0.875238471687
112.0 0.0196078431373 0.910700894306
113.0 0.0196078431373 0.343132355646
114.0 0.0196078431373 0.409008628999
115.0 0.0196078431373 0.362062496496
