74.50000 0.011135 0.28739
75.06000 0.010737 0.05534
75.62000 0.010630 0.98842
76.18000 0.010438 0.52026
76.74000 0.010120 0.20916
77.30000 0.010317 0.39598
77.86000 0.010141 0.48265
78.42000 0.009855 0.14311
78.98000 0.009037 0.48834
79.54000 0.009335 0.55739
80.10000 0.008769 0.24002
80.66000 0.008886 0.39442
81.22000 0.008792 0.38652
81.78000 0.008124 0.91572
82.34000 0.008773 0.92479
82.90000 0.008575 0.77299
83.46000 0.008629 0.96133
84.02000 0.008178 0.34925
84.58000 0.008060 0.27440
85.14000 0.008322 0.25723
85.70000 0.008192 0.79201
86.26000 0.008313 0.99678
86.82000 0.007900 0.95052
87.38000 0.007979 0.84302
87.94000 0.008205 0.93131
88.50000 0.008403 0.20182
89.06000 0.008351 0.35257
89.62000 0.008541 0.06567
90.18000 0.008381 0.55905
90.74000 0.008550 0.37038
91.30000 0.008991 0.63482
91.86000 0.008723 0.03644
92.42000 0.008605 0.88684
92.98000 0.008838 0.53486
93.54000 0.009164 0.28402
94.10000 0.008939 0.21836
94.66000 0.009103 0.85239
95.22000 0.009556 0.23580
95.78000 0.009482 0.39830
96.34000 0.009685 0.34989
96.90000 0.009969 0.44959
97.46000 0.009673 0.18692
98.02000 0.010086 0.35814
98.58000 0.010243 0.96378
99.14000 0.010096 0.16086
99.70000 0.010020 0.22317
100.26000 0.010077 0.66330
100.82000 0.010262 0.13934
101.38000 0.009852 0.55485
101.94000 0.009868 0.36183
102.50000 0.009473 0.93500
103.06000 0.009781 0.47783
103.62000 0.009446 0.91721
104.18000 0.009440 0.59948
104.74000 0.009175 0.58166
105.30000 0.008925 0.99453
105.86000 0.008992 0.57252
106.42000 0.009207 0.84386
106.98000 0.008696 0.81079
107.54000 0.008624 0.11143
108.10000 0.008451 0.05185
108.66000 0.008428 0.36862
109.22000 0.008288 0.59149
109.78000 0.008553 0.99524
110.34000 0.008549 0.70972
110.90000 0.008481 0.30948
111.46000 0.008307 0.29428
112.02000 0.008233 0.69646
112.58000 0.008841 0.50118
113.14000 0.009211 0.73578
113.70000 0.009237 0.04811
114.26000 0.009141 0.74909
114.82000 0.009369 0.03900
115.38000 0.009487 0.53056
115.94000 0.010037 0.79808
116.50000 0.010416 0.67880
117.06000 0.010483 0.22284
117.62000 0.010400 0.35776
118.18000 0.010927 0.61990
118.74000 0.011279 0.91048
