78.0 0.04 0.719605846268
79.0 0.04 0.182030721194
80.0 0.04 0.370736827403
81.0 0.04 0.677346107219
82.0 0.04 0.997313118829
83.0 0.04 0.41292880665
84.0 0.04 0.154494825752
85.0 0.04 0.62079223226
86.0 0.04 0.851926749043
87.0 0.04 0.0348491156255
88.0 0.04 0.536445065199
89.0 0.04 0.0928638325079
90.0 0.04 0.966734089742
91.0 0.04 0.319378626487
92.0 0.04 0.497127501815
93.0 0.04 0.249072059981
94.0 0.04 0.813036331987
95.0 0.04 0.450111849025
96.0 0.04 0.501562949901
97.0 0.04 0.026854370447
98.0 0.04 0.571882342868
99.0 0.04 0.141691450073
100.0 0.04 0.544583617437
101.0 0.04 0.89505970289
102.0 0.04 0.263003096243
