74.0 0.030303030303 0.627648498848
75.0 0.030303030303 0.432534131486
76.0 0.030303030303 0.177464837481
77.0 0.030303030303 0.922425160355
78.0 0.030303030303 0.316423467337
79.0 0.030303030303 0.377553500423
80.0 0.030303030303 0.34823778792
81.0 0.030303030303 0.91614355941
82.0 0.030303030303 0.870316878009
83.0 0.030303030303 0.191229982145
84.0 0.030303030303 0.0742673799341
85.0 0.030303030303 0.989749277495
86.0 0.030303030303 0.226785441725
87.0 0.030303030303 0.214531691202
88.0 0.030303030303 0.895614038885
89.0 0.030303030303 0.2788116775
90.0 0.030303030303 0.225391385098
91.0 0.030303030303 0.357625321479
92.0 0.030303030303 0.898217543244
93.0 0.030303030303 0.81375316205
94.0 0.030303030303 0.411640752479
95.0 0.030303030303 0.0925808410287
96.0 0.030303030303 0.700811344964
97.0 0.030303030303 0.9164915886
98.0 0.030303030303 0.399354800076
99.0 0.030303030303 0.0936010685807
100.0 0.030303030303 0.970185304287
101.0 0.030303030303 0.63999345773
102.0 0.030303030303 0.0129355721089
103.0 0.030303030303 0.000631934108391
104.0 0.030303030303 0.836824157026
105.0 0.030303030303 0.294990199888
106.0 0.030303030303 0.907207335154
