5 5

88.000000 88.000 .2 0.00000
89.000000 88.000 .2 0.000000
90.000000 88.000 .2 0.000000
91.000000 88.000 .2 0.000000
92.000000 88.000 .2 0.000000

88.000000 89.000 .2 0.00000
89.000000 89.000 .2 0.000000
90.000000 89.000 .2 0.000000
91.000000 89.000 .2 0.000000
92.000000 89.000 .2 0.000000

88.000000 90.000 .2 0.00000
89.000000 90.000 .2 0.000000
90.000000 90.000 .2 0.000000
91.000000 90.000 .2 0.000000
92.000000 90.000 .2 0.000000

88.000000 91.000 .2 0.00000
89.000000 91.000 .2 0.000000
90.000000 91.000 .2 0.000000
91.000000 91.000 .2 0.000000
92.000000 91.000 .2 0.000000

88.000000 92.000 .2 0.00000
89.000000 92.000 .2 0.000000
90.000000 92.000 .2 0.000000
91.000000 92.000 .2 0.000000
92.000000 92.000 .2 0.000000
