####
##DATA FILE
#####

##
#Cesium 6s1/2 State
#854.54nm at 1.216e^18W/atom
##
DATA DROPDOWN
  [6.358609114320121e-18, 6.444058946935397e-18, 6.525082637787438e-18, 6.601815978596542e-18, 6.674373412405751e-18, 6.742847588392461e-18, 6.8073075404238245e-18, 6.86779477497569e-18, 6.924315852356904e-18, 6.976828510584948e-18, 7.02521466644208e-18, 7.06922341373519e-18, 7.10833374260387e-18, 7.14134530836035e-18, 7.164559111490904e-18, 7.129742939968424e-18, 7.004699739081691e-18, 7.117939721884785e-18, 7.109128833782733e-18, 7.185025004169837e-18, 6.009997346423795e-18, 7.254107644757396e-18, 7.268259555021679e-18, 6.943268498121996e-18, 7.252270819942054e-18, 7.330324995796042e-18, 7.342845259127016e-18, 7.331360606076221e-18, 7.29678039376219e-18, 7.22515313394301e-18, 7.06449289107585e-18, 6.493871946104203e-18, 5.959901377504681e-18, 6.990291300126628e-18, 7.190617163462865e-18, 7.266780677098534e-18, 7.299173538920487e-18, 7.309945937391844e-18, 7.30766226097569e-18, 7.296325734605732e-18, 7.278049566572978e-18, 7.254045520016169e-18, 7.225049067934927e-18, 7.19152326638533e-18, 7.153764939615106e-18, 7.111963672725042e-18, 7.066236301716427e-18, 7.016647901190876e-18, 6.963224943978083e-18, 6.9059637136928745e-18, 6.844835715627054e-18, 6.779791109243265e-18, 6.710760777710772e-18, 6.637657409944377e-18, 6.560375823326507e-18, 6.478792660437594e-18, 6.3927655281460135e-18, 6.302131599037465e-18, 6.20670565500439e-18, 6.106277514965448e-18, 6.000608748277105e-18, 5.889428527578647e-18, 5.77242841379717e-18, 5.649255784015671e-18, 5.519505498435791e-18, 5.382709238126941e-18, 5.238321702484383e-18, 5.085702487837642e-18, 4.924091897248847e-18, 4.7525780165492814e-18, 4.57005087726493e-18, 4.375136924001263e-18, 4.166102328261497e-18, 3.9407048444104615e-18, 3.695956085930637e-18, 3.4277173418962722e-18, 3.1299591127411224e-18, 2.7932611553494006e-18, 2.4013035303152624e-18, 1.920550854368564e-18, 1.2526357832774088e-18, 7.693804611366919e-19, 1.6715025343904076e-18, 2.2442322917535665e-18, 2.7055374742206344e-18, 3.1054784253571663e-18, 3.4653686052625543e-18, 3.7966160585638e-18, 4.1061597397294476e-18, 4.398585183690709e-18, 4.677105239958642e-18, 4.944071315072619e-18, 5.201263526202796e-18, 5.450066391787767e-18, 5.6915807906945026e-18, 5.926698325636339e-18, 6.156152438716533e-18, 6.380554576614013e-18, 6.600420417291541e-18, 6.816189299412515e-18]

##
#Rubidium 7s12 State
#773.74nm at 1.093E^18W/atom
DATA DROPDOWN
  [6.657710018202097e-18, 6.7417857111780805e-18, 6.82091494902371e-18, 6.8952270992342176e-18, 6.964823180537914e-18, 7.02977201586826e-18, 7.09010204565279e-18, 7.14578471532785e-18, 7.1966993229378e-18, 7.24255038434798e-18, 7.282634473055865e-18, 7.314924547857585e-18, 7.32732423553871e-18, 7.258036382429313e-18, 7.302407594314037e-18, 7.281363217774992e-18, 7.384872173373617e-18, 7.362424930907113e-18, 7.434952565890734e-18, 7.36728070483078e-18, 7.255248380787084e-18, 7.452951652736486e-18, 7.471690778060244e-18, 7.458192571837368e-18, 7.416748988113804e-18, 7.32777869320923e-18, 7.104233784576506e-18, 5.769613195414621e-18, 6.794990510075451e-18, 7.23650836930495e-18, 7.357889400199575e-18, 7.403816569924277e-18, 7.418425065558315e-18, 7.41583675100743e-18, 7.401954685599113e-18, 7.379668599474465e-18, 7.350545208403597e-18, 7.315492752076907e-18, 7.275059265873254e-18, 7.229580168369605e-18, 7.179256914747336e-18, 7.124201374487734e-18, 7.06446196558398e-18, 7.000039498181856e-18, 6.930896902391946e-18, 6.856965133039118e-18, 6.778146553641694e-18, 6.694316553486662e-18, 6.605323831949644e-18, 6.510989586330642e-18, 6.4111057069239625e-18, 6.305431983911631e-18, 6.19369224513986e-18, 6.075569257534993e-18, 5.950698124886737e-18, 5.818657786280784e-18, 5.6789600427305035e-18, 5.531035284585185e-18, 5.374213710881454e-18, 5.2077002427699526e-18, 5.0305403942412824e-18, 4.841572815215336e-18, 4.639361570596511e-18, 4.4220964750493864e-18, 4.187440868249914e-18, 3.932288315887339e-18, 3.652351043869899e-18, 3.3414109527059944e-18, 2.9898161931777888e-18, 2.581011178737679e-18, 2.0815636889367326e-18, 1.3974588622652022e-18, 6.916540735866385e-19, 1.7205084629549631e-18, 2.343510129226344e-18, 2.841491484265093e-18, 3.272043364924725e-18, 3.659048545507172e-18, 4.015120532426704e-18, 4.3478673214452925e-18, 4.6622869872775275e-18, 4.9618658572598595e-18, 5.249146477726913e-18, 5.526048056290892e-18, 5.7940595922124784e-18, 6.054362486037351e-18, 6.307911722347221e-18, 6.5554915246349464e-18, 6.797754641951578e-18, 7.035250782128036e-18, 7.268447638372894e-18, 7.497746733874475e-18, 7.723495560894944e-18, 7.945997018625227e-18, 8.16551684786392e-18, 8.382289557219997e-18, 8.596523197560906e-18, 8.808403245995126e-18, 9.018095793516895e-18, 9.225750182423039e-18]
