75.000000 0.008692 0.287386
75.900000 0.008451 0.055338
76.800000 0.008153 0.988415
77.700000 0.008118 0.520265
78.600000 0.008102 0.209158
79.500000 0.007880 0.395979
80.400000 0.007726 0.482652
81.300000 0.007920 0.143106
82.200000 0.007588 0.488335
83.100000 0.007871 0.557395
84.000000 0.007454 0.240023
84.900000 0.007718 0.394422
85.800000 0.007362 0.386522
86.700000 0.007711 0.915716
87.600000 0.008027 0.924791
88.500000 0.007615 0.772986
89.400000 0.007990 0.961332
90.300000 0.008272 0.349250
91.200000 0.008749 0.274402
92.100000 0.008875 0.257226
93.000000 0.009035 0.792012
93.900000 0.009176 0.996783
94.800000 0.009494 0.950517
95.700000 0.010127 0.843022
96.600000 0.010413 0.931312
97.500000 0.010649 0.201822
98.400000 0.010651 0.352571
99.300000 0.010771 0.065674
100.200000 0.010459 0.559053
101.100000 0.011159 0.370382
102.000000 0.010661 0.634816
102.900000 0.010135 0.036445
103.800000 0.010161 0.886841
104.700000 0.009590 0.534864
105.600000 0.009370 0.284021
106.500000 0.009450 0.218363
107.400000 0.008553 0.852394
108.300000 0.008888 0.235801
109.200000 0.008722 0.398301
110.100000 0.008457 0.349891
111.000000 0.008330 0.449594
111.900000 0.008266 0.186920
112.800000 0.008511 0.358139
113.700000 0.008599 0.963781
114.600000 0.008375 0.160858
115.500000 0.008645 0.223173
116.400000 0.008382 0.663304
117.300000 0.008883 0.139342
118.200000 0.008621 0.554850
119.100000 0.009047 0.361832
