75.000000 0.008817 0.287386
75.750000 0.008611 0.055338
76.500000 0.008239 0.988415
77.250000 0.008256 0.520265
78.000000 0.008163 0.209158
78.750000 0.008138 0.395979
79.500000 0.007711 0.482652
80.250000 0.008110 0.143106
81.000000 0.007696 0.488335
81.750000 0.008010 0.557395
82.500000 0.007464 0.240023
83.250000 0.007698 0.394422
84.000000 0.007416 0.386522
84.750000 0.007632 0.915716
85.500000 0.007992 0.924791
86.250000 0.007355 0.772986
87.000000 0.007642 0.961332
87.750000 0.007810 0.349250
88.500000 0.008102 0.274402
89.250000 0.008217 0.257226
90.000000 0.008272 0.792012
90.750000 0.008468 0.996783
91.500000 0.008536 0.950517
92.250000 0.008965 0.843022
93.000000 0.009271 0.931312
93.750000 0.009642 0.201822
94.500000 0.009569 0.352571
95.250000 0.009993 0.065674
96.000000 0.009756 0.559053
96.750000 0.010605 0.370382
97.500000 0.010435 0.634816
98.250000 0.010501 0.036445
99.000000 0.010463 0.886841
99.750000 0.010600 0.534864
100.500000 0.010581 0.284021
101.250000 0.011205 0.218363
102.000000 0.010080 0.852394
102.750000 0.010579 0.235801
103.500000 0.010564 0.398301
104.250000 0.010167 0.349891
105.000000 0.009795 0.449594
105.750000 0.009481 0.186920
106.500000 0.009307 0.358139
107.250000 0.009155 0.963781
108.000000 0.008624 0.160858
108.750000 0.008707 0.223173
109.500000 0.008075 0.663304
110.250000 0.008606 0.139342
111.000000 0.008122 0.554850
111.750000 0.008314 0.361832
