75.000000 0.008770 0.287386
75.850000 0.008512 0.055338
76.700000 0.008164 0.988415
77.550000 0.008174 0.520265
78.400000 0.008205 0.209158
79.250000 0.007939 0.395979
80.100000 0.007721 0.482652
80.950000 0.007938 0.143106
81.800000 0.007605 0.488335
82.650000 0.007953 0.557395
83.500000 0.007471 0.240023
84.350000 0.007617 0.394422
85.200000 0.007386 0.386522
86.050000 0.007690 0.915716
86.900000 0.007995 0.924791
87.750000 0.007544 0.772986
88.600000 0.007797 0.961332
89.450000 0.008125 0.349250
90.300000 0.008519 0.274402
91.150000 0.008631 0.257226
92.000000 0.008727 0.792012
92.850000 0.008882 0.996783
93.700000 0.009239 0.950517
94.550000 0.009719 0.843022
95.400000 0.010071 0.931312
96.250000 0.010351 0.201822
97.100000 0.010407 0.352571
97.950000 0.010630 0.065674
98.800000 0.010378 0.559053
99.650000 0.011123 0.370382
100.500000 0.010734 0.634816
101.350000 0.010458 0.036445
102.200000 0.010457 0.886841
103.050000 0.010113 0.534864
103.900000 0.010082 0.284021
104.750000 0.010147 0.218363
105.600000 0.008997 0.852394
106.450000 0.009283 0.235801
107.300000 0.009240 0.398301
108.150000 0.008804 0.349891
109.000000 0.008574 0.449594
109.850000 0.008352 0.186920
110.700000 0.008430 0.358139
111.550000 0.008510 0.963781
112.400000 0.008212 0.160858
113.250000 0.008444 0.223173
114.100000 0.008187 0.663304
114.950000 0.008783 0.139342
115.800000 0.008345 0.554850
116.650000 0.008704 0.361832
