75.000000 0.008828 0.287386
75.700000 0.008669 0.055338
76.400000 0.008264 0.988415
77.100000 0.008370 0.520265
77.800000 0.008185 0.209158
78.500000 0.008245 0.395979
79.200000 0.007859 0.482652
79.900000 0.008208 0.143106
80.600000 0.007690 0.488335
81.300000 0.008059 0.557395
82.000000 0.007564 0.240023
82.700000 0.007759 0.394422
83.400000 0.007461 0.386522
84.100000 0.007700 0.915716
84.800000 0.007976 0.924791
85.500000 0.007339 0.772986
86.200000 0.007611 0.961332
86.900000 0.007764 0.349250
87.600000 0.008031 0.274402
88.300000 0.008083 0.257226
89.000000 0.008079 0.792012
89.700000 0.008245 0.996783
90.400000 0.008337 0.950517
91.100000 0.008755 0.843022
91.800000 0.008888 0.931312
92.500000 0.009164 0.201822
93.200000 0.009194 0.352571
93.900000 0.009434 0.065674
94.600000 0.009396 0.559053
95.300000 0.010127 0.370382
96.000000 0.010111 0.634816
96.700000 0.010136 0.036445
97.400000 0.010188 0.886841
98.100000 0.010244 0.534864
98.800000 0.010615 0.284021
99.500000 0.011240 0.218363
100.200000 0.010105 0.852394
100.900000 0.011033 0.235801
101.600000 0.011090 0.398301
102.300000 0.010645 0.349891
103.000000 0.010475 0.449594
103.700000 0.010236 0.186920
104.400000 0.010105 0.358139
105.100000 0.009950 0.963781
105.800000 0.009413 0.160858
106.500000 0.009283 0.223173
107.200000 0.008770 0.663304
107.900000 0.009076 0.139342
108.600000 0.008625 0.554850
109.300000 0.008420 0.361832
