5 5

75.000000 75.000 0.008237 0.00000
76.000000 75.000 0.007937 0.000000
77.000000 75.000 0.007764 0.000000
78.000000 75.000 0.007551 0.000000
79.000000 75.000 0.007388 0.000000

75.000000 76.000 0.008237 0.000000
76.000000 76.000 0.007937 0.000000
77.000000 76.000 0.007764 0.000000
78.000000 76.000 0.007551 0.000000
79.000000 76.000 0.007388 0.000000

75.000000 77.000 0.008237 0.000000
76.000000 77.000 0.007937 0.000000
77.000000 77.000 0.007764 0.000000
78.000000 77.000 0.007551 0.000000
79.000000 77.000 0.007388 0.000000

75.000000 78.000 0.008237 0.000000
76.000000 78.000 0.007937 0.000000
77.000000 78.000 0.007764 0.000000
78.000000 78.000 0.007551 0.000000
79.000000 78.000 0.007388 0.000000

75.000000 79.000 0.008237 0.000000
76.000000 79.000 0.007937 0.000000
77.000000 79.000 0.007764 0.000000
78.000000 79.000 0.007551 0.000000
79.000000 79.000 0.007388 0.000000
