74.500000 0.015693 0.287386
75.480000 0.018458 0.988415
76.460000 0.016912 0.209158
77.440000 0.016404 0.482652
78.420000 0.015568 0.488335
79.400000 0.017792 0.240023
80.380000 0.016202 0.386522
81.360000 0.017033 0.924791
82.340000 0.016711 0.961332
83.320000 0.017109 0.274402
84.300000 0.015310 0.792012
85.280000 0.016796 0.950517
86.260000 0.016327 0.931312
87.240000 0.017737 0.352571
88.220000 0.016454 0.559053
89.200000 0.016911 0.634816
90.180000 0.017005 0.886841
91.160000 0.017926 0.284021
92.140000 0.015109 0.852394
93.120000 0.017779 0.398301
94.100000 0.018286 0.449594
95.080000 0.019944 0.358139
96.060000 0.021430 0.160858
97.040000 0.020854 0.663304
98.020000 0.021551 0.554850
99.000000 0.022568 0.935002
99.980000 0.022757 0.917208
100.960000 0.022725 0.581655
101.940000 0.021898 0.572521
102.920000 0.022538 0.810787
