75.000000 0.008788 0.287386
75.800000 0.008529 0.055338
76.600000 0.008244 0.988415
77.400000 0.008190 0.520265
78.200000 0.008187 0.209158
79.000000 0.008021 0.395979
79.800000 0.007732 0.482652
80.600000 0.008012 0.143106
81.400000 0.007623 0.488335
82.200000 0.007945 0.557395
83.000000 0.007488 0.240023
83.800000 0.007723 0.394422
84.600000 0.007383 0.386522
85.400000 0.007659 0.915716
86.200000 0.007986 0.924791
87.000000 0.007460 0.772986
87.800000 0.007673 0.961332
88.600000 0.007940 0.349250
89.400000 0.008349 0.274402
90.200000 0.008372 0.257226
91.000000 0.008553 0.792012
91.800000 0.008597 0.996783
92.600000 0.008888 0.950517
93.400000 0.009229 0.843022
94.200000 0.009664 0.931312
95.000000 0.010062 0.201822
95.800000 0.010006 0.352571
96.600000 0.010295 0.065674
97.400000 0.010113 0.559053
98.200000 0.010913 0.370382
99.000000 0.010700 0.634816
99.800000 0.010774 0.036445
100.600000 0.010485 0.886841
101.400000 0.010397 0.534864
102.200000 0.010483 0.284021
103.000000 0.010739 0.218363
103.800000 0.009794 0.852394
104.600000 0.009994 0.235801
105.400000 0.009923 0.398301
106.200000 0.009223 0.349891
107.000000 0.009127 0.449594
107.800000 0.008776 0.186920
108.600000 0.008837 0.358139
109.400000 0.008606 0.963781
110.200000 0.008304 0.160858
111.000000 0.008316 0.223173
111.800000 0.008010 0.663304
112.600000 0.008543 0.139342
113.400000 0.008251 0.554850
114.200000 0.008510 0.361832
