74.500000 0.008441 0.287386
75.480000 0.008468 0.988415
76.460000 0.008031 0.209158
77.440000 0.008148 0.482652
78.420000 0.007649 0.488335
79.400000 0.007847 0.240023
80.380000 0.007562 0.386522
81.360000 0.007550 0.924791
82.340000 0.007443 0.961332
83.320000 0.007688 0.274402
84.300000 0.007235 0.792012
85.280000 0.007394 0.950517
86.260000 0.007419 0.931312
87.240000 0.007415 0.352571
88.220000 0.007515 0.559053
89.200000 0.007813 0.634816
90.180000 0.007845 0.886841
91.160000 0.008305 0.284021
92.140000 0.008681 0.852394
93.120000 0.008656 0.398301
94.100000 0.009114 0.449594
95.080000 0.009399 0.358139
96.060000 0.009930 0.160858
97.040000 0.009967 0.663304
98.020000 0.010338 0.554850
99.000000 0.010585 0.935002
99.980000 0.010508 0.917208
100.960000 0.010720 0.581655
101.940000 0.010514 0.572521
102.920000 0.010295 0.810787
103.900000 0.010517 0.051845
104.880000 0.010201 0.591486
105.860000 0.009764 0.709716
106.840000 0.009810 0.294275
107.820000 0.009228 0.501185
108.800000 0.009057 0.048110
109.780000 0.008775 0.039004
110.760000 0.009140 0.798082
111.740000 0.008878 0.222837
112.720000 0.009555 0.619899
113.700000 0.009271 0.472302
114.680000 0.009404 0.610892
115.660000 0.010006 0.110682
116.640000 0.009948 0.569535
117.620000 0.010503 0.949354
118.600000 0.010398 0.631251
119.580000 0.011889 0.588021
120.560000 0.012488 0.021956
121.540000 0.014081 0.408947
122.520000 0.015521 0.139661
