75.000000 0.008921 0.287386
75.950000 0.008976 0.055338
76.900000 0.008730 0.988415
77.850000 0.008551 0.520265
78.800000 0.008456 0.209158
79.750000 0.008566 0.395979
80.700000 0.008194 0.482652
81.650000 0.008434 0.143106
82.600000 0.007994 0.488335
83.550000 0.008184 0.557395
84.500000 0.007838 0.240023
85.450000 0.008029 0.394422
86.400000 0.007744 0.386522
87.350000 0.008000 0.915716
88.300000 0.008189 0.924791
89.250000 0.007594 0.772986
90.200000 0.007858 0.961332
91.150000 0.007651 0.349250
92.100000 0.007980 0.274402
93.050000 0.007922 0.257226
94.000000 0.007714 0.792012
94.950000 0.007814 0.996783
95.900000 0.007706 0.950517
96.850000 0.007874 0.843022
97.800000 0.007825 0.931312
98.750000 0.007965 0.201822
99.700000 0.007822 0.352571
100.650000 0.007847 0.065674
101.600000 0.007515 0.559053
102.550000 0.008115 0.370382
103.500000 0.007988 0.634816
104.450000 0.008104 0.036445
105.400000 0.007912 0.886841
106.350000 0.007973 0.534864
107.300000 0.008502 0.284021
108.250000 0.008904 0.218363
109.200000 0.008189 0.852394
110.150000 0.008992 0.235801
111.100000 0.009302 0.398301
112.050000 0.009132 0.349891
113.000000 0.009359 0.449594
113.950000 0.009309 0.186920
114.900000 0.009921 0.358139
115.850000 0.009883 0.963781
116.800000 0.009828 0.160858
117.750000 0.010040 0.223173
118.700000 0.009979 0.663304
119.650000 0.010423 0.139342
120.600000 0.010414 0.554850
121.550000 0.010475 0.361832
