75.000000 0.009000 0.287386
75.450000 0.008873 0.055338
75.900000 0.008379 0.988415
76.350000 0.008451 0.520265
76.800000 0.008459 0.209158
77.250000 0.008632 0.395979
77.700000 0.008049 0.482652
78.150000 0.008438 0.143106
78.600000 0.007932 0.488335
79.050000 0.008140 0.557395
79.500000 0.007612 0.240023
79.950000 0.008079 0.394422
80.400000 0.007678 0.386522
80.850000 0.007896 0.915716
81.300000 0.008086 0.924791
81.750000 0.007514 0.772986
82.200000 0.007742 0.961332
82.650000 0.007702 0.349250
83.100000 0.007883 0.274402
83.550000 0.007918 0.257226
84.000000 0.007648 0.792012
84.450000 0.007667 0.996783
84.900000 0.007630 0.950517
85.350000 0.007692 0.843022
85.800000 0.007799 0.931312
86.250000 0.007842 0.201822
86.700000 0.007684 0.352571
87.150000 0.007734 0.065674
87.600000 0.007490 0.559053
88.050000 0.007925 0.370382
88.500000 0.007816 0.634816
88.950000 0.007843 0.036445
89.400000 0.007700 0.886841
89.850000 0.007784 0.534864
90.300000 0.008124 0.284021
90.750000 0.008649 0.218363
91.200000 0.007959 0.852394
91.650000 0.008545 0.235801
92.100000 0.008833 0.398301
92.550000 0.008787 0.349891
93.000000 0.008848 0.449594
93.450000 0.008924 0.186920
93.900000 0.009336 0.358139
94.350000 0.009508 0.963781
94.800000 0.009444 0.160858
95.250000 0.009613 0.223173
95.700000 0.009455 0.663304
96.150000 0.010098 0.139342
96.600000 0.009960 0.554850
97.050000 0.010157 0.361832
