75.000000 0.008848 0.287386
75.600000 0.008805 0.055338
76.200000 0.008315 0.988415
76.800000 0.008319 0.520265
77.400000 0.008303 0.209158
78.000000 0.008161 0.395979
78.600000 0.007927 0.482652
79.200000 0.008195 0.143106
79.800000 0.007731 0.488335
80.400000 0.008159 0.557395
81.000000 0.007612 0.240023
81.600000 0.007735 0.394422
82.200000 0.007496 0.386522
82.800000 0.007729 0.915716
83.400000 0.008054 0.924791
84.000000 0.007353 0.772986
84.600000 0.007560 0.961332
85.200000 0.007578 0.349250
85.800000 0.007839 0.274402
86.400000 0.007905 0.257226
87.000000 0.007749 0.792012
87.600000 0.007851 0.996783
88.200000 0.007899 0.950517
88.800000 0.008004 0.843022
89.400000 0.008264 0.931312
90.000000 0.008459 0.201822
90.600000 0.008428 0.352571
91.200000 0.008564 0.065674
91.800000 0.008338 0.559053
92.400000 0.009034 0.370382
93.000000 0.009046 0.634816
93.600000 0.009108 0.036445
94.200000 0.009217 0.886841
94.800000 0.009263 0.534864
95.400000 0.009752 0.284021
96.000000 0.010380 0.218363
96.600000 0.009556 0.852394
97.200000 0.010447 0.235801
97.800000 0.010674 0.398301
98.400000 0.010534 0.349891
99.000000 0.010579 0.449594
99.600000 0.010630 0.186920
100.200000 0.010759 0.358139
100.800000 0.010855 0.963781
101.400000 0.010406 0.160858
102.000000 0.010616 0.223173
102.600000 0.009939 0.663304
103.200000 0.010519 0.139342
103.800000 0.010072 0.554850
104.400000 0.009830 0.361832
