0
1234
2425
3530
4510
5331
5962
6382
6576
6537
6267
5774
5077
4200
3174
2036
825
-413
-1638
-2805
-3873
-4803
-5563
-6126
-6472
-6589
-6472
-6126
-5563
-4803
-3873
-2805
-1638
-413
825
2036
3174
4200
5077
5774
6267
6537
6576
6382
5962
5331
4510
3530
2425
1234
0
-1234
-2425
-3530
-4510
-5331
-5962
-6382
-6576
-6537
-6267
-5774
-5077
-4200
-3174
-2036
-825
413
1638
2805
3873
4803
5563
6126
6472
6589
6472
6126
5563
4803
3873
2805
1638
413
-825
-2036
-3174
-4200
-5077
-5774
-6267
-6537
-6576
-6382
-5962
-5331
-4510
-3530
-2425
-1234
0
1234
2425
3530
4510
5331
5962
6382
6576
6537
6267
5774
5077
4200
3174
2036
825
-413
-1638
-2805
-3873
-4803
-5563
-6126
-6472
-6589
-6472
-6126
-5563
-4803
-3873
-2805
-1638
-413
825
2036
3174
4200
5077
5774
6267
6537
6576
6382
5962
5331
4510
3530
2425
1234
0
-1234
-2425
-3530
-4510
-5331
-5962
-6382
-6576
-6537
-6267
-5774
-5077
-4200
-3174
-2036
-825
413
1638
2805
3873
4803
5563
6126
6472
6589
6472
6126
5563
4803
3873
2805
1638
413
-825
-2036
-3174
-4200
-5077
-5774
-6267
-6537
-6576
-6382
-5962
-5331
-4510
-3530
-2425
-1234
0
1234
2425
3530
4510
5331
5962
6382
6576
6537
6267
5774
5077
4200
3174
2036
825
-413
-1638
-2805
-3873
-4803
-5563
-6126
-6472
-6589
-6472
-6126
-5563
-4803
-3873
-2805
-1638
-413
825
2036
3174
4200
5077
5774
6267
6537
6576
6382
5962
5331
4510
3530
2425
1234
