3276
2789
1472
-281
-1951
-3041
-3227
-2454
-950
834
2372
3204
3084
2047
401
-1364
-2723
-3273
-2850
-1579
160
1853
2994
3246
2532
1065
-717
-2287
-3177
-3123
-2139
-520
1253
2655
3267
2907
1684
-40
-1752
-2944
-3260
-2607
-1179
599
2200
3146
3157
2229
639
-1141
-2582
-3256
-2961
-1786
-80
1649
2889
3269
2678
1290
-480
-2109
-3110
-3187
-2316
-756
1027
2506
3240
3011
1886
200
-1544
-2830
-3275
-2746
-1400
361
2015
3070
3213
2400
873
-912
-2427
-3220
-3056
-1983
-321
1436
2767
3275
2809
1508
-240
-1919
-3026
-3234
-2480
-989
796
2344
3196
3097
2078
440
-1327
-2701
-3272
-2870
-1614
120
1820
2978
3251
2557
1103
-678
-2258
-3167
-3134
-2170
-560
1216
2631
3263
2926
1718
0
-1718
-2926
-3263
-2631
-1216
560
2170
3134
3167
2258
678
-1103
-2557
-3251
-2978
-1820
-120
1614
2870
3272
2701
1327
-440
-2078
-3097
-3196
-2344
-796
989
2480
3234
3026
1919
240
-1508
-2809
-3275
-2767
-1436
321
1983
3056
3220
2427
912
-873
-2400
-3213
-3070
-2015
-361
1400
2746
3275
2830
1544
-200
-1886
-3011
-3240
-2506
-1027
756
2316
3187
3110
2109
480
-1290
-2678
-3269
-2889
-1649
80
1786
2961
3256
2582
1141
-639
-2229
-3157
-3146
-2200
-599
1179
2607
3260
2944
1752
40
-1684
-2907
-3267
-2655
-1253
520
2139
3123
3177
2287
717
-1065
-2532
-3246
-2994
-1853
-160
1579
2850
3273
2723
1364
-401
-2047
-3084
-3204
-2372
-834
950
2454
3227
3041
1951
281
-1472
-2789
-3276
-2789
-1472
281
1951
3041
3227
2454
950
-834
-2372
-3204
-3084
-2047
-401
1364
2723
3273
2850
1579
-160
-1853
-2994
-3246
-2532
-1065
717
2287
3177
3123
2139
520
-1253
-2655
-3267
-2907
-1684
40
1752
2944
3260
2607
1179
-599
-2200
-3146
-3157
-2229
-639
1141
2582
3256
2961
1786
80
-1649
-2889
-3269
-2678
-1290
480
2109
3110
3187
2316
756
-1027
-2506
-3240
-3011
-1886
-200
1544
2830
3275
2746
1400
-361
-2015
-3070
-3213
-2400
-873
912
2427
3220
3056
1983
321
-1436
-2767
-3275
-2809
-1508
240
1919
3026
3234
2480
989
-796
-2344
-3196
-3097
-2078
-440
1327
2701
3272
2870
1614
-120
-1820
-2978
-3251
-2557
-1103
678
2258
3167
3134
2170
560
-1216
-2631
-3263
-2926
-1718
0
1718
2926
3263
2631
1216
-560
-2170
-3134
-3167
-2258
-678
1103
2557
3251
2978
1820
120
-1614
-2870
-3272
-2701
-1327
440
2078
3097
3196
2344
796
-989
-2480
-3234
-3026
-1919
-240
1508
2809
3275
2767
1436
-321
-1983
-3056
-3220
-2427
-912
873
2400
3213
3070
2015
361
-1400
-2746
-3275
-2830
-1544
200
1886
3011
3240
2506
1027
-756
-2316
-3187
-3110
-2109
-480
1290
2678
3269
2889
1649
-80
-1786
-2961
-3256
-2582
-1141
639
2229
3157
3146
2200
599
-1179
-2607
-3260
-2944
-1752
-40
1684
2907
3267
2655
1253
-520
-2139
-3123
-3177
-2287
-717
1065
2532
3246
2994
1853
160
-1579
-2850
-3273
-2723
-1364
401
2047
3084
3204
2372
834
-950
-2454
-3227
-3041
-1951
-281
1472
2789
3276
2789
1472
-281
-1951
-3041
-3227
-2454
-950
834
2372
3204
3084
2047
401
-1364
-2723
-3273
-2850
-1579
160
1853
2994
3246
2532
1065
-717
-2287
-3177
-3123
-2139
-520
1253
2655
3267
2907
1684
-40
-1752
-2944
-3260
-2607
-1179
599
2200
3146
3157
2229
639
-1141
-2582
-3256
-2961
-1786
-80
1649
2889
3269
2678
1290
-480
-2109
-3110
-3187
-2316
-756
1027
2506
3240
3011
1886
200
-1544
-2830
-3275
-2746
-1400
361
2015
3070
3213
2400
873
-912
-2427
-3220
-3056
-1983
-321
1436
2767
3275
2809
1508
-240
-1919
-3026
-3234
-2480
-989
796
2344
3196
3097
2078
440
-1327
-2701
-3272
-2870
-1614
120
1820
2978
3251
2557
1103
-678
-2258
-3167
-3134
-2170
-560
1216
2631
3263
2926
1718
0
-1718
-2926
-3263
-2631
-1216
560
2170
3134
3167
2258
678
-1103
-2557
-3251
-2978
-1820
-120
1614
2870
3272
2701
1327
-440
-2078
-3097
-3196
-2344
-796
989
2480
3234
3026
1919
240
-1508
-2809
-3275
-2767
-1436
321
1983
3056
3220
2427
912
-873
-2400
-3213
-3070
-2015
-361
1400
2746
3275
2830
1544
-200
-1886
-3011
-3240
-2506
-1027
756
2316
3187
3110
2109
480
-1290
-2678
-3269
-2889
-1649
80
1786
2961
3256
2582
1141
-639
-2229
-3157
-3146
-2200
-599
1179
2607
3260
2944
1752
40
-1684
-2907
-3267
-2655
-1253
520
2139
3123
3177
2287
717
-1065
-2532
-3246
-2994
-1853
-160
1579
2850
3273
2723
1364
-401
-2047
-3084
-3204
-2372
-834
950
2454
3227
3041
1951
281
-1472
-2789
-3276
-2789
-1472
281
1951
3041
3227
2454
950
-834
-2372
-3204
-3084
-2047
-401
1364
2723
3273
2850
1579
-160
-1853
-2994
-3246
-2532
-1065
717
2287
3177
3123
2139
520
-1253
-2655
-3267
-2907
-1684
40
1752
2944
3260
2607
1179
-599
-2200
-3146
-3157
-2229
-639
1141
2582
3256
2961
1786
80
-1649
-2889
-3269
-2678
-1290
480
2109
3110
3187
2316
756
-1027
-2506
-3240
-3011
-1886
-200
1544
2830
3275
2746
1400
-361
-2015
-3070
-3213
-2400
-873
912
2427
3220
3056
1983
321
-1436
-2767
-3275
-2809
-1508
240
1919
3026
3234
2480
989
-796
-2344
-3196
-3097
-2078
-440
1327
2701
3272
2870
1614
-120
-1820
-2978
-3251
-2557
-1103
678
2258
3167
3134
2170
560
-1216
-2631
-3263
-2926
-1718
0
1718
2926
3263
2631
1216
-560
-2170
-3134
-3167
-2258
-678
1103
2557
3251
2978
1820
120
-1614
-2870
-3272
-2701
-1327
440
2078
3097
3196
2344
796
-989
-2480
-3234
-3026
-1919
-240
1508
2809
3275
2767
1436
-321
-1983
-3056
-3220
-2427
-912
873
2400
3213
3070
2015
361
-1400
-2746
-3275
-2830
-1544
200
1886
3011
3240
2506
1027
-756
-2316
-3187
-3110
-2109
-480
1290
2678
3269
2889
1649
-80
-1786
-2961
-3256
-2582
-1141
639
2229
3157
3146
2200
599
-1179
-2607
-3260
-2944
-1752
-40
1684
2907
3267
2655
1253
-520
-2139
-3123
-3177
-2287
-717
1065
2532
3246
2994
1853
160
-1579
-2850
-3273
-2723
-1364
401
2047
3084
3204
2372
834
-950
-2454
-3227
-3041
-1951
-281
1472
2789
3276
2789
1472
-281
-1951
-3041
-3227
-2454
-950
834
2372
3204
3084
2047
401
-1364
-2723
-3273
-2850
-1579
160
1853
2994
3246
2532
1065
-717
-2287
-3177
-3123
-2139
-520
1253
2655
3267
2907
1684
-40
-1752
-2944
-3260
-2607
-1179
599
2200
3146
3157
2229
639
-1141
-2582
-3256
-2961
-1786
-80
1649
2889
3269
2678
1290
-480
-2109
-3110
-3187
-2316
-756
1027
2506
3240
3011
1886
200
-1544
-2830
-3275
-2746
-1400
361
2015
3070
3213
2400
873
-912
-2427
-3220
-3056
-1983
-321
1436
2767
3275
2809
1508
-240
-1919
-3026
-3234
-2480
-989
796
2344
3196
3097
2078
440
-1327
-2701
-3272
-2870
-1614
120
1820
2978
3251
2557
1103
-678
-2258
-3167
-3134
-2170
-560
1216
2631
3263
2926
1718
0
-1718
-2926
-3263
-2631
-1216
560
2170
3134
3167
2258
678
-1103
-2557
-3251
-2978
-1820
-120
1614
2870
3272
2701
1327
-440
-2078
-3097
-3196
-2344
-796
989
2480
3234
3026
1919
240
-1508
-2809
-3275
-2767
-1436
321
1983
3056
3220
2427
912
-873
-2400
-3213
-3070
-2015
-361
1400
2746
3275
2830
1544
-200
-1886
-3011
-3240
-2506
-1027
756
2316
3187
3110
2109
480
-1290
-2678
-3269
-2889
-1649
80
1786
2961
3256
2582
1141
-639
-2229
-3157
-3146
-2200
-599
1179
2607
3260
2944
1752
40
-1684
-2907
-3267
-2655
-1253
520
2139
3123
3177
2287
717
-1065
-2532
-3246
-2994
-1853
-160
1579
2850
3273
2723
1364
-401
-2047
-3084
-3204
-2372
-834
950
2454
3227
3041
1951
281
-1472
-2789
-3276
-2789
-1472
281
1951
3041
3227
2454
950
-834
-2372
-3204
-3084
-2047
-401
1364
2723
3273
2850
1579
-160
-1853
-2994
-3246
-2532
-1065
717
2287
3177
3123
2139
520
-1253
-2655
-3267
-2907
-1684
40
1752
2944
3260
2607
1179
-599
-2200
-3146
-3157
-2229
-639
1141
2582
3256
2961
1786
80
-1649
-2889
-3269
-2678
-1290
480
2109
3110
3187
2316
756
-1027
-2506
-3240
-3011
-1886
-200
1544
2830
3275
2746
1400
-361
-2015
-3070
-3213
-2400
-873
912
2427
3220
3056
1983
321
-1436
-2767
-3275
-2809
-1508
240
1919
3026
3234
2480
989
-796
-2344
-3196
-3097
-2078
-440
1327
2701
3272
2870
1614
-120
-1820
-2978
-3251
-2557
-1103
678
2258
3167
3134
2170
560
-1216
-2631
-3263
-2926
-1718
0
1718
2926
3263
2631
1216
-560
-2170
-3134
-3167
-2258
-678
1103
2557
3251
2978
1820
120
-1614
-2870
-3272
-2701
-1327
440
2078
3097
3196
2344
796
-989
-2480
-3234
-3026
-1919
-240
1508
2809
3275
2767
1436
-321
-1983
-3056
-3220
-2427
-912
873
2400
3213
3070
2015
361
-1400
-2746
-3275
-2830
-1544
200
1886
3011
3240
2506
1027
-756
-2316
-3187
-3110
-2109
-480
1290
2678
3269
2889
1649
-80
-1786
-2961
-3256
-2582
-1141
639
2229
3157
3146
2200
599
-1179
-2607
-3260
-2944
-1752
-40
1684
2907
3267
2655
1253
-520
-2139
-3123
-3177
-2287
-717
1065
2532
3246
2994
1853
160
-1579
-2850
-3273
-2723
-1364
401
2047
3084
3204
2372
834
-950
-2454
-3227
-3041
-1951
-281
1472
2789
3276
2789
1472
-281
-1951
-3041
-3227
-2454
-950
834
2372
3204
3084
2047
401
-1364
-2723
-3273
-2850
-1579
160
1853
2994
3246
2532
1065
-717
-2287
-3177
-3123
-2139
-520
1253
2655
3267
2907
1684
-40
-1752
-2944
-3260
-2607
-1179
599
2200
3146
3157
2229
639
-1141
-2582
-3256
-2961
-1786
-80
1649
2889
3269
2678
1290
-480
-2109
-3110
-3187
-2316
-756
1027
2506
3240
3011
1886
200
-1544
-2830
-3275
-2746
-1400
361
2015
3070
3213
2400
873
-912
-2427
-3220
-3056
-1983
-321
1436
2767
3275
2809
1508
-240
-1919
-3026
-3234
-2480
-989
796
2344
3196
3097
2078
440
-1327
-2701
-3272
-2870
-1614
120
1820
2978
3251
2557
1103
-678
-2258
-3167
-3134
-2170
-560
1216
2631
3263
2926
1718
0
-1718
-2926
-3263
-2631
-1216
560
2170
3134
3167
2258
678
-1103
-2557
-3251
-2978
-1820
-120
1614
2870
3272
2701
1327
-440
-2078
-3097
-3196
-2344
-796
989
2480
3234
3026
1919
240
-1508
-2809
-3275
-2767
-1436
321
1983
3056
3220
2427
912
-873
-2400
-3213
-3070
-2015
-361
1400
2746
3275
2830
1544
-200
-1886
-3011
-3240
-2506
-1027
756
2316
3187
3110
2109
480
-1290
-2678
-3269
-2889
-1649
80
1786
2961
3256
2582
1141
-639
-2229
-3157
-3146
-2200
-599
1179
2607
3260
2944
1752
40
-1684
-2907
-3267
-2655
-1253
520
2139
3123
3177
2287
717
-1065
-2532
-3246
-2994
-1853
-160
1579
2850
3273
2723
1364
-401
-2047
-3084
-3204
-2372
-834
950
2454
3227
3041
1951
281
-1472
-2789
-3276
-2789
-1472
281
1951
3041
3227
2454
950
-834
-2372
-3204
-3084
-2047
-401
1364
2723
3273
2850
1579
-160
-1853
-2994
-3246
-2532
-1065
717
2287
3177
3123
2139
520
-1253
-2655
-3267
-2907
-1684
40
1752
2944
3260
2607
1179
-599
-2200
-3146
-3157
-2229
-639
1141
2582
3256
2961
1786
80
-1649
-2889
-3269
-2678
-1290
480
2109
3110
3187
2316
756
-1027
-2506
-3240
-3011
-1886
-200
1544
2830
3275
2746
1400
-361
-2015
-3070
-3213
-2400
-873
912
2427
3220
3056
1983
321
-1436
-2767
-3275
-2809
-1508
240
1919
3026
3234
2480
989
-796
-2344
-3196
-3097
-2078
-440
1327
2701
3272
2870
1614
-120
-1820
-2978
-3251
-2557
-1103
678
2258
3167
3134
2170
560
-1216
-2631
-3263
-2926
-1718
0
1718
2926
3263
2631
1216
-560
-2170
-3134
-3167
-2258
-678
1103
2557
3251
2978
1820
120
-1614
-2870
-3272
-2701
-1327
440
2078
3097
3196
2344
796
-989
-2480
-3234
-3026
-1919
-240
1508
2809
3275
2767
1436
-321
-1983
-3056
-3220
-2427
-912
873
2400
3213
3070
2015
361
-1400
-2746
-3275
-2830
-1544
200
1886
3011
3240
2506
1027
-756
-2316
-3187
-3110
-2109
-480
1290
2678
3269
2889
1649
-80
-1786
-2961
-3256
-2582
-1141
639
2229
3157
3146
2200
599
-1179
-2607
-3260
-2944
-1752
-40
1684
2907
3267
2655
1253
-520
-2139
-3123
-3177
-2287
-717
1065
2532
3246
2994
1853
160
-1579
-2850
-3273
-2723
-1364
401
2047
3084
3204
2372
834
-950
-2454
-3227
-3041
-1951
-281
1472
2789
3276
2789
1472
-281
-1951
-3041
-3227
-2454
-950
834
2372
3204
3084
2047
401
-1364
-2723
-3273
-2850
-1579
160
1853
2994
3246
2532
1065
-717
-2287
-3177
-3123
-2139
-520
1253
2655
3267
2907
1684
-40
-1752
-2944
-3260
-2607
-1179
599
2200
3146
3157
2229
639
-1141
-2582
-3256
-2961
-1786
-80
1649
2889
3269
2678
1290
-480
-2109
-3110
-3187
-2316
-756
1027
2506
3240
3011
1886
200
-1544
-2830
-3275
-2746
-1400
361
2015
3070
3213
2400
873
-912
-2427
-3220
-3056
-1983
-321
1436
2767
3275
2809
1508
-240
-1919
-3026
-3234
-2480
-989
796
2344
3196
3097
2078
440
-1327
-2701
-3272
-2870
-1614
120
1820
2978
3251
2557
1103
-678
-2258
-3167
-3134
-2170
-560
1216
2631
3263
2926
1718
0
-1718
-2926
-3263
-2631
-1216
560
2170
3134
3167
2258
678
-1103
-2557
-3251
-2978
-1820
-120
1614
2870
3272
2701
1327
-440
-2078
-3097
-3196
-2344
-796
989
2480
3234
3026
1919
240
-1508
-2809
-3275
-2767
-1436
321
1983
3056
3220
2427
912
-873
-2400
-3213
-3070
-2015
-361
1400
2746
3275
2830
1544
-200
-1886
-3011
-3240
-2506
-1027
756
2316
3187
3110
2109
480
-1290
-2678
-3269
-2889
-1649
80
1786
2961
3256
2582
1141
-639
-2229
-3157
-3146
-2200
-599
1179
2607
3260
2944
1752
40
-1684
-2907
-3267
-2655
-1253
520
2139
3123
3177
2287
717
-1065
-2532
-3246
-2994
-1853
-160
1579
2850
3273
2723
1364
-401
-2047
-3084
-3204
-2372
-834
950
2454
3227
3041
1951
281
-1472
-2789
-3276
-2789
-1472
281
1951
3041
3227
2454
950
-834
-2372
-3204
-3084
-2047
-401
1364
2723
3273
2850
1579
-160
-1853
-2994
-3246
-2532
-1065
717
2287
3177
3123
2139
520
-1253
-2655
-3267
-2907
-1684
40
1752
2944
3260
2607
1179
-599
-2200
-3146
-3157
-2229
-639
1141
2582
3256
2961
1786
80
-1649
-2889
-3269
-2678
-1290
480
2109
3110
3187
2316
756
-1027
-2506
-3240
-3011
-1886
-200
1544
2830
3275
2746
1400
-361
-2015
-3070
-3213
-2400
-873
912
2427
3220
3056
1983
321
-1436
-2767
-3275
-2809
-1508
240
1919
3026
3234
2480
989
-796
-2344
-3196
-3097
-2078
-440
1327
2701
3272
2870
1614
-120
-1820
-2978
-3251
-2557
-1103
678
2258
3167
3134
2170
560
-1216
-2631
-3263
-2926
-1718
0
1718
2926
3263
2631
1216
-560
-2170
-3134
-3167
-2258
-678
1103
2557
3251
2978
1820
120
-1614
-2870
-3272
-2701
-1327
440
2078
3097
3196
2344
796
-989
-2480
-3234
-3026
-1919
-240
1508
2809
3275
2767
1436
-321
-1983
-3056
-3220
-2427
-912
873
2400
3213
3070
2015
361
-1400
-2746
-3275
-2830
-1544
200
1886
3011
3240
2506
1027
-756
-2316
-3187
-3110
-2109
-480
1290
2678
3269
2889
1649
-80
-1786
-2961
-3256
-2582
-1141
639
2229
3157
3146
2200
599
-1179
-2607
-3260
-2944
-1752
-40
1684
2907
3267
2655
1253
-520
-2139
-3123
-3177
-2287
-717
1065
2532
3246
2994
1853
160
-1579
-2850
-3273
-2723
-1364
401
2047
3084
3204
2372
834
-950
-2454
-3227
-3041
-1951
-281
1472
2789
3276
2789
1472
-281
-1951
-3041
-3227
-2454
-950
834
2372
3204
3084
2047
401
-1364
-2723
-3273
-2850
-1579
160
1853
2994
3246
2532
1065
-717
-2287
-3177
-3123
-2139
-520
1253
2655
3267
2907
1684
-40
-1752
-2944
-3260
-2607
-1179
599
2200
3146
3157
2229
639
-1141
-2582
-3256
-2961
-1786
-80
1649
2889
3269
2678
1290
-480
-2109
-3110
-3187
-2316
-756
1027
2506
3240
3011
1886
200
-1544
-2830
-3275
-2746
-1400
361
2015
3070
3213
2400
873
-912
-2427
-3220
-3056
-1983
-321
1436
2767
3275
2809
1508
-240
-1919
-3026
-3234
-2480
-989
796
2344
3196
3097
2078
440
-1327
-2701
-3272
-2870
-1614
120
1820
2978
3251
2557
1103
-678
-2258
-3167
-3134
-2170
-560
1216
2631
3263
2926
1718
0
-1718
-2926
-3263
-2631
-1216
560
2170
3134
3167
2258
678
-1103
-2557
-3251
-2978
-1820
-120
1614
2870
3272
2701
1327
-440
-2078
-3097
-3196
-2344
-796
989
2480
3234
3026
1919
240
-1508
-2809
-3275
-2767
-1436
321
1983
3056
3220
2427
912
-873
-2400
-3213
-3070
-2015
-361
1400
2746
3275
2830
1544
-200
-1886
-3011
-3240
-2506
-1027
756
2316
3187
3110
2109
480
-1290
-2678
-3269
-2889
-1649
80
1786
2961
3256
2582
1141
-639
-2229
-3157
-3146
-2200
-599
1179
2607
3260
2944
1752
40
-1684
-2907
-3267
-2655
-1253
520
2139
3123
3177
2287
717
-1065
-2532
-3246
-2994
-1853
-160
1579
2850
3273
2723
1364
-401
-2047
-3084
-3204
-2372
-834
950
2454
3227
3041
1951
281
-1472
-2789
-3276
-2789
-1472
281
1951
3041
3227
2454
950
-834
-2372
-3204
-3084
-2047
-401
1364
2723
3273
2850
1579
-160
-1853
-2994
-3246
-2532
-1065
717
2287
3177
3123
2139
520
-1253
-2655
-3267
-2907
-1684
40
1752
2944
3260
2607
1179
-599
-2200
-3146
-3157
-2229
-639
1141
2582
3256
2961
1786
80
-1649
-2889
-3269
-2678
-1290
480
2109
3110
3187
2316
756
-1027
-2506
-3240
-3011
-1886
-200
1544
2830
3275
2746
1400
-361
-2015
-3070
-3213
-2400
-873
912
2427
3220
3056
1983
321
-1436
-2767
-3275
-2809
-1508
240
1919
3026
3234
2480
989
-796
-2344
-3196
-3097
-2078
-440
1327
2701
3272
2870
1614
-120
-1820
-2978
-3251
-2557
-1103
678
2258
3167
3134
2170
560
-1216
-2631
-3263
-2926
-1718
0
1718
2926
3263
2631
1216
-560
-2170
-3134
-3167
-2258
-678
1103
2557
3251
2978
1820
120
-1614
-2870
-3272
-2701
-1327
440
2078
3097
3196
2344
796
-989
-2480
-3234
-3026
-1919
-240
1508
2809
3275
2767
1436
-321
-1983
-3056
-3220
-2427
-912
873
2400
3213
3070
2015
361
-1400
-2746
-3275
-2830
-1544
200
1886
3011
3240
2506
1027
-756
-2316
-3187
-3110
-2109
-480
1290
2678
3269
2889
1649
-80
-1786
-2961
-3256
-2582
-1141
639
2229
3157
3146
2200
599
-1179
-2607
-3260
-2944
-1752
-40
1684
2907
3267
2655
1253
-520
-2139
-3123
-3177
-2287
-717
1065
2532
3246
2994
1853
160
-1579
-2850
-3273
-2723
-1364
401
2047
3084
3204
2372
834
-950
-2454
-3227
-3041
-1951
-281
1472
2789
3276
2789
1472
-281
-1951
-3041
-3227
-2454
-950
834
2372
3204
3084
2047
401
-1364
-2723
-3273
-2850
-1579
160
1853
2994
3246
2532
1065
-717
-2287
-3177
-3123
-2139
-520
1253
2655
3267
2907
1684
-40
-1752
-2944
-3260
-2607
-1179
599
2200
3146
3157
2229
639
-1141
-2582
-3256
-2961
-1786
-80
1649
2889
3269
2678
1290
-480
-2109
-3110
-3187
-2316
-756
1027
2506
3240
3011
1886
200
-1544
-2830
-3275
-2746
-1400
361
2015
3070
3213
2400
873
-912
-2427
-3220
-3056
-1983
-321
1436
2767
3275
2809
1508
-240
-1919
-3026
-3234
-2480
-989
796
2344
3196
3097
2078
440
-1327
-2701
-3272
-2870
-1614
120
1820
2978
3251
2557
1103
-678
-2258
-3167
-3134
-2170
-560
1216
2631
3263
2926
1718
0
-1718
-2926
-3263
-2631
-1216
560
2170
3134
3167
2258
678
-1103
-2557
-3251
-2978
-1820
-120
1614
2870
3272
2701
1327
-440
-2078
-3097
-3196
-2344
-796
989
2480
3234
3026
1919
240
-1508
-2809
-3275
-2767
-1436
321
1983
3056
3220
2427
912
-873
-2400
-3213
-3070
-2015
-361
1400
2746
3275
2830
1544
-200
-1886
-3011
-3240
-2506
-1027
756
2316
3187
3110
2109
480
-1290
-2678
-3269
-2889
-1649
80
1786
2961
3256
2582
1141
-639
-2229
-3157
-3146
-2200
-599
1179
2607
3260
2944
1752
40
-1684
-2907
-3267
-2655
-1253
520
2139
3123
3177
2287
717
-1065
-2532
-3246
-2994
-1853
-160
1579
2850
3273
2723
1364
-401
-2047
-3084
-3204
-2372
-834
950
2454
3227
3041
1951
281
-1472
-2789
-3276
-2789
-1472
281
1951
3041
3227
2454
950
-834
-2372
-3204
-3084
-2047
-401
1364
2723
3273
2850
1579
-160
-1853
-2994
-3246
-2532
-1065
717
2287
3177
3123
2139
520
-1253
-2655
-3267
-2907
-1684
40
1752
2944
3260
2607
1179
-599
-2200
-3146
-3157
-2229
-639
1141
2582
3256
2961
1786
80
-1649
-2889
-3269
-2678
-1290
480
2109
3110
3187
2316
756
-1027
-2506
-3240
-3011
-1886
-200
1544
2830
3275
2746
1400
-361
-2015
-3070
-3213
-2400
-873
912
2427
3220
3056
1983
321
-1436
-2767
-3275
-2809
-1508
240
1919
3026
3234
2480
989
-796
-2344
-3196
-3097
-2078
-440
1327
2701
3272
2870
1614
-120
-1820
-2978
-3251
-2557
-1103
678
2258
3167
3134
2170
560
-1216
-2631
-3263
-2926
-1718
0
1718
2926
3263
2631
1216
-560
-2170
-3134
-3167
-2258
-678
1103
2557
3251
2978
1820
120
-1614
-2870
-3272
-2701
-1327
440
2078
3097
3196
2344
796
-989
-2480
-3234
-3026
-1919
-240
1508
2809
3275
2767
1436
-321
-1983
-3056
-3220
-2427
-912
873
2400
3213
3070
2015
361
-1400
-2746
-3275
-2830
-1544
200
1886
3011
3240
2506
1027
-756
-2316
-3187
-3110
-2109
-480
1290
2678
3269
2889
1649
-80
-1786
-2961
-3256
-2582
-1141
639
2229
3157
3146
2200
599
-1179
-2607
-3260
-2944
-1752
-40
1684
2907
3267
2655
1253
-520
-2139
-3123
-3177
-2287
-717
1065
2532
3246
2994
1853
160
-1579
-2850
-3273
-2723
-1364
401
2047
3084
3204
2372
834
-950
-2454
-3227
-3041
-1951
-281
1472
2789
3276
2789
1472
-281
-1951
-3041
-3227
-2454
-950
834
2372
3204
3084
2047
401
-1364
-2723
-3273
-2850
-1579
160
1853
2994
3246
2532
1065
-717
-2287
-3177
-3123
-2139
-520
1253
2655
3267
2907
1684
-40
-1752
-2944
-3260
-2607
-1179
599
2200
3146
3157
2229
639
-1141
-2582
-3256
-2961
-1786
-80
1649
2889
3269
2678
1290
-480
-2109
-3110
-3187
-2316
-756
1027
2506
3240
3011
1886
200
-1544
-2830
-3275
-2746
-1400
361
2015
3070
3213
2400
873
-912
-2427
-3220
-3056
-1983
-321
1436
2767
3275
2809
1508
-240
-1919
-3026
-3234
-2480
-989
796
2344
3196
3097
2078
440
-1327
-2701
-3272
-2870
-1614
120
1820
2978
3251
2557
1103
-678
-2258
-3167
-3134
-2170
-560
1216
2631
3263
2926
1718
0
-1718
-2926
-3263
-2631
-1216
560
2170
3134
3167
2258
678
-1103
-2557
-3251
-2978
-1820
-120
1614
2870
3272
2701
1327
-440
-2078
-3097
-3196
-2344
-796
989
2480
3234
3026
1919
240
-1508
-2809
-3275
-2767
-1436
321
1983
3056
3220
2427
912
-873
-2400
-3213
-3070
-2015
-361
1400
2746
3275
2830
1544
-200
-1886
-3011
-3240
-2506
-1027
756
2316
3187
3110
2109
480
-1290
-2678
-3269
-2889
-1649
80
1786
2961
3256
2582
1141
-639
-2229
-3157
-3146
-2200
-599
1179
2607
3260
2944
1752
40
-1684
-2907
-3267
-2655
-1253
520
2139
3123
3177
2287
717
-1065
-2532
-3246
-2994
-1853
-160
1579
2850
3273
2723
1364
-401
-2047
-3084
-3204
-2372
-834
950
2454
3227
3041
1951
281
-1472
-2789
-3276
-2789
-1472
281
1951
3041
3227
2454
950
-834
-2372
-3204
-3084
-2047
-401
1364
2723
3273
2850
1579
-160
-1853
-2994
-3246
-2532
-1065
717
2287
3177
3123
2139
520
-1253
-2655
-3267
-2907
-1684
40
1752
2944
3260
2607
1179
-599
-2200
-3146
-3157
-2229
-639
1141
2582
3256
2961
1786
80
-1649
-2889
-3269
-2678
-1290
480
2109
3110
3187
2316
756
-1027
-2506
-3240
-3011
-1886
-200
1544
2830
3275
2746
1400
-361
-2015
-3070
-3213
-2400
-873
912
2427
3220
3056
1983
321
-1436
-2767
-3275
-2809
-1508
240
1919
3026
3234
2480
989
-796
-2344
-3196
-3097
-2078
-440
1327
2701
3272
2870
1614
-120
-1820
-2978
-3251
-2557
-1103
678
2258
3167
3134
2170
560
-1216
-2631
-3263
-2926
-1718
0
1718
2926
3263
2631
1216
-560
-2170
-3134
-3167
-2258
-678
1103
2557
3251
2978
1820
120
-1614
-2870
-3272
-2701
-1327
440
2078
3097
3196
2344
796
-989
-2480
-3234
-3026
-1919
-240
1508
2809
3275
2767
1436
-321
-1983
-3056
-3220
-2427
-912
873
2400
3213
3070
2015
361
-1400
-2746
-3275
-2830
-1544
200
1886
3011
3240
2506
1027
-756
-2316
-3187
-3110
-2109
-480
1290
2678
3269
2889
1649
-80
-1786
-2961
-3256
-2582
-1141
639
2229
3157
3146
2200
599
-1179
-2607
-3260
-2944
-1752
-40
1684
2907
3267
2655
1253
-520
-2139
-3123
-3177
-2287
-717
1065
2532
3246
2994
1853
160
-1579
-2850
-3273
-2723
-1364
401
2047
3084
3204
2372
834
-950
-2454
-3227
-3041
-1951
-281
1472
2789
3276
2789
1472
-281
-1951
-3041
-3227
-2454
-950
834
2372
3204
3084
2047
401
-1364
-2723
-3273
-2850
-1579
160
1853
2994
3246
2532
1065
-717
-2287
-3177
-3123
-2139
-520
1253
2655
3267
2907
1684
-40
-1752
-2944
-3260
-2607
-1179
599
2200
3146
3157
2229
639
-1141
-2582
-3256
-2961
-1786
-80
1649
2889
3269
2678
1290
-480
-2109
-3110
-3187
-2316
-756
1027
2506
3240
3011
1886
200
-1544
-2830
-3275
-2746
-1400
361
2015
3070
3213
2400
873
-912
-2427
-3220
-3056
-1983
-321
1436
2767
3275
2809
1508
-240
-1919
-3026
-3234
-2480
-989
796
2344
3196
3097
2078
440
-1327
-2701
-3272
-2870
-1614
120
1820
2978
3251
2557
1103
-678
-2258
-3167
-3134
-2170
-560
1216
2631
3263
2926
1718
0
-1718
-2926
-3263
-2631
-1216
560
2170
3134
3167
2258
678
-1103
-2557
-3251
-2978
-1820
-120
1614
2870
3272
2701
1327
-440
-2078
-3097
-3196
-2344
-796
989
2480
3234
3026
1919
240
-1508
-2809
-3275
-2767
-1436
321
1983
3056
3220
2427
912
-873
-2400
-3213
-3070
-2015
-361
1400
2746
3275
2830
1544
-200
-1886
-3011
-3240
-2506
-1027
756
2316
3187
3110
2109
480
-1290
-2678
-3269
-2889
-1649
80
1786
2961
3256
2582
1141
-639
-2229
-3157
-3146
-2200
-599
1179
2607
3260
2944
1752
40
-1684
-2907
-3267
-2655
-1253
520
2139
3123
3177
2287
717
-1065
-2532
-3246
-2994
-1853
-160
1579
2850
3273
2723
1364
-401
-2047
-3084
-3204
-2372
-834
950
2454
3227
3041
1951
281
-1472
-2789
-3276
-2789
-1472
281
1951
3041
3227
2454
950
-834
-2372
-3204
-3084
-2047
-401
1364
2723
3273
2850
1579
-160
-1853
-2994
-3246
-2532
-1065
717
2287
3177
3123
2139
520
-1253
-2655
-3267
-2907
-1684
40
1752
2944
3260
2607
1179
-599
-2200
-3146
-3157
-2229
-639
1141
2582
3256
2961
1786
80
-1649
-2889
-3269
-2678
-1290
480
2109
3110
3187
2316
756
-1027
-2506
-3240
-3011
-1886
-200
1544
2830
3275
2746
1400
-361
-2015
-3070
-3213
-2400
-873
912
2427
3220
3056
1983
321
-1436
-2767
-3275
-2809
-1508
240
1919
3026
3234
2480
989
-796
-2344
-3196
-3097
-2078
-440
1327
2701
3272
2870
1614
-120
-1820
-2978
-3251
-2557
-1103
678
2258
3167
3134
2170
560
-1216
-2631
-3263
-2926
-1718
0
1718
2926
3263
2631
1216
-560
-2170
-3134
-3167
-2258
-678
1103
2557
3251
2978
1820
120
-1614
-2870
-3272
-2701
-1327
440
2078
3097
3196
2344
796
-989
-2480
-3234
-3026
-1919
-240
1508
2809
3275
2767
1436
-321
-1983
-3056
-3220
-2427
-912
873
2400
3213
3070
2015
361
-1400
-2746
-3275
-2830
-1544
200
1886
3011
3240
2506
1027
-756
-2316
-3187
-3110
-2109
-480
1290
2678
3269
2889
1649
-80
-1786
-2961
-3256
-2582
-1141
639
2229
3157
3146
2200
599
-1179
-2607
-3260
-2944
-1752
-40
1684
2907
3267
2655
1253
-520
-2139
-3123
-3177
-2287
-717
1065
2532
3246
2994
1853
160
-1579
-2850
-3273
-2723
-1364
401
2047
3084
3204
2372
834
-950
-2454
-3227
-3041
-1951
-281
1472
2789
3276
2789
1472
-281
-1951
-3041
-3227
-2454
-950
834
2372
3204
3084
2047
401
-1364
-2723
-3273
-2850
-1579
160
1853
2994
3246
2532
1065
-717
-2287
-3177
-3123
-2139
-520
1253
2655
3267
2907
1684
-40
-1752
-2944
-3260
-2607
-1179
599
2200
3146
3157
2229
639
-1141
-2582
-3256
-2961
-1786
-80
1649
2889
3269
2678
1290
-480
-2109
-3110
-3187
-2316
-756
1027
2506
3240
3011
1886
200
-1544
-2830
-3275
-2746
-1400
361
2015
3070
3213
2400
873
-912
-2427
-3220
-3056
-1983
-321
1436
2767
3275
2809
1508
-240
-1919
-3026
-3234
-2480
-989
796
2344
3196
3097
2078
440
-1327
-2701
-3272
-2870
-1614
120
1820
2978
3251
2557
1103
-678
-2258
-3167
-3134
-2170
-560
1216
2631
3263
2926
1718
0
-1718
-2926
-3263
-2631
-1216
560
2170
3134
3167
2258
678
-1103
-2557
-3251
-2978
-1820
-120
1614
2870
3272
2701
1327
-440
-2078
-3097
-3196
-2344
-796
989
2480
3234
3026
1919
240
-1508
-2809
-3275
-2767
-1436
321
1983
3056
3220
2427
912
-873
-2400
-3213
-3070
-2015
-361
1400
2746
3275
2830
1544
-200
-1886
-3011
-3240
-2506
-1027
756
2316
3187
3110
2109
480
-1290
-2678
-3269
-2889
-1649
80
1786
2961
3256
2582
1141
-639
-2229
-3157
-3146
-2200
-599
1179
2607
3260
2944
1752
40
-1684
-2907
-3267
-2655
-1253
520
2139
3123
3177
2287
717
-1065
-2532
-3246
-2994
-1853
-160
1579
2850
3273
2723
1364
-401
-2047
-3084
-3204
-2372
-834
950
2454
3227
3041
1951
281
-1472
-2789
-3276
-2789
-1472
281
1951
3041
3227
2454
950
-834
-2372
-3204
-3084
-2047
-401
1364
2723
3273
2850
1579
-160
-1853
-2994
-3246
-2532
-1065
717
2287
3177
3123
2139
520
-1253
-2655
-3267
-2907
-1684
40
1752
2944
3260
2607
1179
-599
-2200
-3146
-3157
-2229
-639
1141
2582
3256
2961
1786
80
-1649
-2889
-3269
-2678
-1290
480
2109
3110
3187
2316
756
-1027
-2506
-3240
-3011
-1886
-200
1544
2830
3275
2746
1400
-361
-2015
-3070
-3213
-2400
-873
912
2427
3220
3056
1983
321
-1436
-2767
-3275
-2809
-1508
240
1919
3026
3234
2480
989
-796
-2344
-3196
-3097
-2078
-440
1327
2701
3272
2870
1614
-120
-1820
-2978
-3251
-2557
-1103
678
2258
3167
3134
2170
560
-1216
-2631
-3263
-2926
-1718
0
1718
2926
3263
2631
1216
-560
-2170
-3134
-3167
-2258
-678
1103
2557
3251
2978
1820
120
-1614
-2870
-3272
-2701
-1327
440
2078
3097
3196
2344
796
-989
-2480
-3234
-3026
-1919
-240
1508
2809
3275
2767
1436
-321
-1983
-3056
-3220
-2427
-912
873
2400
3213
3070
2015
361
-1400
-2746
-3275
-2830
-1544
200
1886
3011
3240
2506
1027
-756
-2316
-3187
-3110
-2109
-480
1290
2678
3269
2889
1649
-80
-1786
-2961
-3256
-2582
-1141
639
2229
3157
3146
2200
599
-1179
-2607
-3260
-2944
-1752
-40
1684
2907
3267
2655
1253
-520
-2139
-3123
-3177
-2287
-717
1065
2532
3246
2994
1853
160
-1579
-2850
-3273
-2723
-1364
401
2047
3084
3204
2372
834
-950
-2454
-3227
-3041
-1951
-281
1472
2789
3276
2789
1472
-281
-1951
-3041
-3227
-2454
-950
834
2372
3204
3084
2047
401
-1364
-2723
-3273
-2850
-1579
160
1853
2994
3246
2532
1065
-717
-2287
-3177
-3123
-2139
-520
1253
2655
3267
2907
1684
-40
-1752
-2944
-3260
-2607
-1179
599
2200
3146
3157
2229
639
-1141
-2582
-3256
-2961
-1786
-80
1649
2889
3269
2678
1290
-480
-2109
-3110
-3187
-2316
-756
1027
2506
3240
3011
1886
200
-1544
-2830
-3275
-2746
-1400
361
2015
3070
3213
2400
873
-912
-2427
-3220
-3056
-1983
-321
1436
2767
3275
2809
1508
-240
-1919
-3026
-3234
-2480
-989
796
2344
3196
3097
2078
440
-1327
-2701
-3272
-2870
-1614
120
1820
2978
3251
2557
1103
-678
-2258
-3167
-3134
-2170
-560
1216
2631
3263
2926
1718
0
-1718
-2926
-3263
-2631
-1216
560
2170
3134
3167
2258
678
-1103
-2557
-3251
-2978
-1820
-120
1614
2870
3272
2701
1327
-440
-2078
-3097
-3196
-2344
-796
989
2480
3234
3026
1919
240
-1508
-2809
-3275
-2767
-1436
321
1983
3056
3220
2427
912
-873
-2400
-3213
-3070
-2015
-361
1400
2746
3275
2830
1544
-200
-1886
-3011
-3240
-2506
-1027
756
2316
3187
3110
2109
480
-1290
-2678
-3269
-2889
-1649
80
1786
2961
3256
2582
1141
-639
-2229
-3157
-3146
-2200
-599
1179
2607
3260
2944
1752
40
-1684
-2907
-3267
-2655
-1253
520
2139
3123
3177
2287
717
-1065
-2532
-3246
-2994
-1853
-160
1579
2850
3273
2723
1364
-401
-2047
-3084
-3204
-2372
-834
950
2454
3227
3041
1951
281
-1472
-2789
-3276
-2789
-1472
281
1951
3041
3227
2454
950
-834
-2372
-3204
-3084
-2047
-401
1364
2723
3273
2850
1579
-160
-1853
-2994
-3246
-2532
-1065
717
2287
3177
3123
2139
520
-1253
-2655
-3267
-2907
-1684
40
1752
2944
3260
2607
1179
-599
-2200
-3146
-3157
-2229
-639
1141
2582
3256
2961
1786
80
-1649
-2889
-3269
-2678
-1290
480
2109
3110
3187
2316
756
-1027
-2506
-3240
-3011
-1886
-200
1544
2830
3275
2746
1400
-361
-2015
-3070
-3213
-2400
-873
912
2427
3220
3056
1983
321
-1436
-2767
-3275
-2809
-1508
240
1919
3026
3234
2480
989
-796
-2344
-3196
-3097
-2078
-440
1327
2701
3272
2870
1614
-120
-1820
-2978
-3251
-2557
-1103
678
2258
3167
3134
2170
560
-1216
-2631
-3263
-2926
-1718
0
1718
2926
3263
2631
1216
-560
-2170
-3134
-3167
-2258
-678
1103
2557
3251
2978
1820
120
-1614
-2870
-3272
-2701
-1327
440
2078
3097
3196
2344
796
-989
-2480
-3234
-3026
-1919
-240
1508
2809
3275
2767
1436
-321
-1983
-3056
-3220
-2427
-912
873
2400
3213
3070
2015
361
-1400
-2746
-3275
-2830
-1544
200
1886
3011
3240
2506
1027
-756
-2316
-3187
-3110
-2109
-480
1290
2678
3269
2889
1649
-80
-1786
-2961
-3256
-2582
-1141
639
2229
3157
3146
2200
599
-1179
-2607
-3260
-2944
-1752
-40
1684
2907
3267
2655
1253
-520
-2139
-3123
-3177
-2287
-717
1065
2532
3246
2994
1853
160
-1579
-2850
-3273
-2723
-1364
401
2047
3084
3204
2372
834
-950
-2454
-3227
-3041
-1951
-281
1472
2789
3276
2789
1472
-281
-1951
-3041
-3227
-2454
-950
834
2372
3204
3084
2047
401
-1364
-2723
-3273
-2850
-1579
160
1853
2994
3246
2532
1065
-717
-2287
-3177
-3123
-2139
-520
1253
2655
3267
2907
1684
-40
-1752
-2944
-3260
-2607
-1179
599
2200
3146
3157
2229
639
-1141
-2582
-3256
-2961
-1786
-80
1649
2889
3269
2678
1290
-480
-2109
-3110
-3187
-2316
-756
1027
2506
3240
3011
1886
200
-1544
-2830
-3275
-2746
-1400
361
2015
3070
3213
2400
873
-912
-2427
-3220
-3056
-1983
-321
1436
2767
3275
2809
1508
-240
-1919
-3026
-3234
-2480
-989
796
2344
3196
3097
2078
440
-1327
-2701
-3272
-2870
-1614
120
1820
2978
3251
2557
1103
-678
-2258
-3167
-3134
-2170
-560
1216
2631
3263
2926
1718
0
-1718
-2926
-3263
-2631
-1216
560
2170
3134
3167
2258
678
-1103
-2557
-3251
-2978
-1820
-120
1614
2870
3272
2701
1327
-440
-2078
-3097
-3196
-2344
-796
989
2480
3234
3026
1919
240
-1508
-2809
-3275
-2767
-1436
321
1983
3056
3220
2427
912
-873
-2400
-3213
-3070
-2015
-361
1400
2746
3275
2830
1544
-200
-1886
-3011
-3240
-2506
-1027
756
2316
3187
3110
2109
480
-1290
-2678
-3269
-2889
-1649
80
1786
2961
3256
2582
1141
-639
-2229
-3157
-3146
-2200
-599
1179
2607
3260
2944
1752
40
-1684
-2907
-3267
-2655
-1253
520
2139
3123
3177
2287
717
-1065
-2532
-3246
-2994
-1853
-160
1579
2850
3273
2723
1364
-401
-2047
-3084
-3204
-2372
-834
950
2454
3227
3041
1951
281
-1472
-2789
-3276
-2789
-1472
281
1951
3041
3227
2454
950
-834
-2372
-3204
-3084
-2047
-401
1364
2723
3273
2850
1579
-160
-1853
-2994
-3246
-2532
-1065
717
2287
3177
3123
2139
520
-1253
-2655
-3267
-2907
-1684
40
1752
2944
3260
2607
1179
-599
-2200
-3146
-3157
-2229
-639
1141
2582
3256
2961
1786
80
-1649
-2889
-3269
-2678
-1290
480
2109
3110
3187
2316
756
-1027
-2506
-3240
-3011
-1886
-200
1544
2830
3275
2746
1400
-361
-2015
-3070
-3213
-2400
-873
912
2427
3220
3056
1983
321
-1436
-2767
-3275
-2809
-1508
240
1919
3026
3234
2480
989
-796
-2344
-3196
-3097
-2078
-440
1327
2701
3272
2870
1614
-120
-1820
-2978
-3251
-2557
-1103
678
2258
3167
3134
2170
560
-1216
-2631
-3263
-2926
-1718
0
1718
2926
3263
2631
1216
-560
-2170
-3134
-3167
-2258
-678
1103
2557
3251
2978
1820
120
-1614
-2870
-3272
-2701
-1327
440
2078
3097
3196
2344
796
-989
-2480
-3234
-3026
-1919
-240
1508
2809
3275
2767
1436
-321
-1983
-3056
-3220
-2427
-912
873
2400
3213
3070
2015
361
-1400
-2746
-3275
-2830
-1544
200
1886
3011
3240
2506
1027
-756
-2316
-3187
-3110
-2109
-480
1290
2678
3269
2889
1649
-80
-1786
-2961
-3256
-2582
-1141
639
2229
3157
3146
2200
599
-1179
-2607
-3260
-2944
-1752
-40
1684
2907
3267
2655
1253
-520
-2139
-3123
-3177
-2287
-717
1065
2532
3246
2994
1853
160
-1579
-2850
-3273
-2723
-1364
401
2047
3084
3204
2372
834
-950
-2454
-3227
-3041
-1951
-281
1472
2789
3276
2789
1472
-281
-1951
-3041
-3227
-2454
-950
834
2372
3204
3084
2047
401
-1364
-2723
-3273
-2850
-1579
160
1853
2994
3246
2532
1065
-717
-2287
-3177
-3123
-2139
-520
1253
2655
3267
2907
1684
-40
-1752
-2944
-3260
-2607
-1179
599
2200
3146
3157
2229
639
-1141
-2582
-3256
-2961
-1786
-80
1649
2889
3269
2678
1290
-480
-2109
-3110
-3187
-2316
-756
1027
2506
3240
3011
1886
200
-1544
-2830
-3275
-2746
-1400
361
2015
3070
3213
2400
873
-912
-2427
-3220
-3056
-1983
-321
1436
2767
3275
2809
1508
-240
-1919
-3026
-3234
-2480
-989
796
2344
3196
3097
2078
440
-1327
-2701
-3272
-2870
-1614
120
1820
2978
3251
2557
1103
-678
-2258
-3167
-3134
-2170
-560
1216
2631
3263
2926
1718
0
-1718
-2926
-3263
-2631
-1216
560
2170
3134
3167
2258
678
-1103
-2557
-3251
-2978
-1820
-120
1614
2870
3272
2701
1327
-440
-2078
-3097
-3196
-2344
-796
989
2480
3234
3026
1919
240
-1508
-2809
-3275
-2767
-1436
321
1983
3056
3220
2427
912
-873
-2400
-3213
-3070
-2015
-361
1400
2746
3275
2830
1544
-200
-1886
-3011
-3240
-2506
-1027
756
2316
3187
3110
2109
480
-1290
-2678
-3269
-2889
-1649
80
1786
2961
3256
2582
1141
-639
-2229
-3157
-3146
-2200
-599
1179
2607
3260
2944
1752
40
-1684
-2907
-3267
-2655
-1253
520
2139
3123
3177
2287
717
-1065
-2532
-3246
-2994
-1853
-160
1579
2850
3273
2723
1364
-401
-2047
-3084
-3204
-2372
-834
950
2454
3227
3041
1951
281
-1472
-2789
-3276
-2789
-1472
281
1951
3041
3227
2454
950
-834
-2372
-3204
-3084
-2047
-401
1364
2723
3273
2850
1579
-160
-1853
-2994
-3246
-2532
-1065
717
2287
3177
3123
2139
520
-1253
-2655
-3267
-2907
-1684
40
1752
2944
3260
2607
1179
-599
-2200
-3146
-3157
-2229
-639
1141
2582
3256
2961
1786
80
-1649
-2889
-3269
-2678
-1290
480
2109
3110
3187
2316
756
-1027
-2506
-3240
-3011
-1886
-200
1544
2830
3275
2746
1400
-361
-2015
-3070
-3213
-2400
-873
912
2427
3220
3056
1983
321
-1436
-2767
-3275
-2809
-1508
240
1919
3026
3234
2480
989
-796
-2344
-3196
-3097
-2078
-440
1327
2701
3272
2870
1614
-120
-1820
-2978
-3251
-2557
-1103
678
2258
3167
3134
2170
560
-1216
-2631
-3263
-2926
-1718
0
1718
2926
3263
2631
1216
-560
-2170
-3134
-3167
-2258
-678
1103
2557
3251
2978
1820
120
-1614
-2870
-3272
-2701
-1327
440
2078
3097
3196
2344
796
-989
-2480
-3234
-3026
-1919
-240
1508
2809
3275
2767
1436
-321
-1983
-3056
-3220
-2427
-912
873
2400
3213
3070
2015
361
-1400
-2746
-3275
-2830
-1544
200
1886
3011
3240
2506
1027
-756
-2316
-3187
-3110
-2109
-480
1290
2678
3269
2889
1649
-80
-1786
-2961
-3256
-2582
-1141
639
2229
3157
3146
2200
599
-1179
-2607
-3260
-2944
-1752
-40
1684
2907
3267
2655
1253
-520
-2139
-3123
-3177
-2287
-717
1065
2532
3246
2994
1853
160
-1579
-2850
-3273
-2723
-1364
401
2047
3084
3204
2372
834
-950
-2454
-3227
-3041
-1951
-281
1472
2789
3276
2789
1472
-281
-1951
-3041
-3227
-2454
-950
834
2372
3204
3084
2047
401
-1364
-2723
-3273
-2850
-1579
160
1853
2994
3246
2532
1065
-717
-2287
-3177
-3123
-2139
-520
1253
2655
3267
2907
1684
-40
-1752
-2944
-3260
-2607
-1179
599
2200
3146
3157
2229
639
-1141
-2582
-3256
-2961
-1786
-80
1649
2889
3269
2678
1290
-480
-2109
-3110
-3187
-2316
-756
1027
2506
3240
3011
1886
200
-1544
-2830
-3275
-2746
-1400
361
2015
3070
3213
2400
873
-912
-2427
-3220
-3056
-1983
-321
1436
2767
3275
2809
1508
-240
-1919
-3026
-3234
-2480
-989
796
2344
3196
3097
2078
440
-1327
-2701
-3272
-2870
-1614
120
1820
2978
3251
2557
1103
-678
-2258
-3167
-3134
-2170
-560
1216
2631
3263
2926
1718
0
-1718
-2926
-3263
-2631
-1216
560
2170
3134
3167
2258
678
-1103
-2557
-3251
-2978
-1820
-120
1614
2870
3272
2701
1327
-440
-2078
-3097
-3196
-2344
-796
989
2480
3234
3026
1919
240
-1508
-2809
-3275
-2767
-1436
321
1983
3056
3220
2427
912
-873
-2400
-3213
-3070
-2015
-361
1400
2746
3275
2830
1544
-200
-1886
-3011
-3240
-2506
-1027
756
2316
3187
3110
2109
480
-1290
-2678
-3269
-2889
-1649
80
1786
2961
3256
2582
1141
-639
-2229
-3157
-3146
-2200
-599
1179
2607
3260
2944
1752
40
-1684
-2907
-3267
-2655
-1253
520
2139
3123
3177
2287
717
-1065
-2532
-3246
-2994
-1853
-160
1579
2850
3273
2723
1364
-401
-2047
-3084
-3204
-2372
-834
950
2454
3227
3041
1951
281
-1472
-2789
-3276
-2789
-1472
281
1951
3041
3227
2454
950
-834
-2372
-3204
-3084
-2047
-401
1364
2723
3273
2850
1579
-160
-1853
-2994
-3246
-2532
-1065
717
2287
3177
3123
2139
520
-1253
-2655
-3267
-2907
-1684
40
1752
2944
3260
2607
1179
-599
-2200
-3146
-3157
-2229
-639
1141
2582
3256
2961
1786
80
-1649
-2889
-3269
-2678
-1290
480
2109
3110
3187
2316
756
-1027
-2506
-3240
-3011
-1886
-200
1544
2830
3275
2746
1400
-361
-2015
-3070
-3213
-2400
-873
912
2427
3220
3056
1983
321
-1436
-2767
-3275
-2809
-1508
240
1919
3026
3234
2480
989
-796
-2344
-3196
-3097
-2078
-440
1327
2701
3272
2870
1614
-120
-1820
-2978
-3251
-2557
-1103
678
2258
3167
3134
2170
560
-1216
-2631
-3263
-2926
-1718
0
1718
2926
3263
2631
1216
-560
-2170
-3134
-3167
-2258
-678
1103
2557
3251
2978
1820
120
-1614
-2870
-3272
-2701
-1327
440
2078
3097
3196
2344
796
-989
-2480
-3234
-3026
-1919
-240
1508
2809
3275
2767
1436
-321
-1983
-3056
-3220
-2427
-912
873
2400
3213
3070
2015
361
-1400
-2746
-3275
-2830
-1544
200
1886
3011
3240
2506
1027
-756
-2316
-3187
-3110
-2109
-480
1290
2678
3269
2889
1649
-80
-1786
-2961
-3256
-2582
-1141
639
2229
3157
3146
2200
599
-1179
-2607
-3260
-2944
-1752
-40
1684
2907
3267
2655
1253
-520
-2139
-3123
-3177
-2287
-717
1065
2532
3246
2994
1853
160
-1579
-2850
-3273
-2723
-1364
401
2047
3084
3204
2372
834
-950
-2454
-3227
-3041
-1951
-281
1472
2789
3276
2789
1472
-281
-1951
-3041
-3227
-2454
-950
834
2372
3204
3084
2047
401
-1364
-2723
-3273
-2850
-1579
160
1853
2994
3246
2532
1065
-717
-2287
-3177
-3123
-2139
-520
1253
2655
3267
2907
1684
-40
-1752
-2944
-3260
-2607
-1179
599
2200
3146
3157
2229
639
-1141
-2582
-3256
-2961
-1786
-80
1649
2889
3269
2678
1290
-480
-2109
-3110
-3187
-2316
-756
1027
2506
3240
3011
1886
200
-1544
-2830
-3275
-2746
-1400
361
2015
3070
3213
2400
873
-912
-2427
-3220
-3056
-1983
-321
1436
2767
3275
2809
1508
-240
-1919
-3026
-3234
-2480
-989
796
2344
3196
3097
2078
440
-1327
-2701
-3272
-2870
-1614
120
1820
2978
3251
2557
1103
-678
-2258
-3167
-3134
-2170
-560
1216
2631
3263
2926
1718
0
-1718
-2926
-3263
-2631
-1216
560
2170
3134
3167
2258
678
-1103
-2557
-3251
-2978
-1820
-120
1614
2870
3272
2701
1327
-440
-2078
-3097
-3196
-2344
-796
989
2480
3234
3026
1919
240
-1508
-2809
-3275
-2767
-1436
321
1983
3056
3220
2427
912
-873
-2400
-3213
-3070
-2015
-361
1400
2746
3275
2830
1544
-200
-1886
-3011
-3240
-2506
-1027
756
2316
3187
3110
2109
480
-1290
-2678
-3269
-2889
-1649
80
1786
2961
3256
2582
1141
-639
-2229
-3157
-3146
-2200
-599
1179
2607
3260
2944
1752
40
-1684
-2907
-3267
-2655
-1253
520
2139
3123
3177
2287
717
-1065
-2532
-3246
-2994
-1853
-160
1579
2850
3273
2723
1364
-401
-2047
-3084
-3204
-2372
-834
950
2454
3227
3041
1951
281
-1472
-2789
-3276
-2789
-1472
281
1951
3041
3227
2454
950
-834
-2372
-3204
-3084
-2047
-401
1364
2723
3273
2850
1579
-160
-1853
-2994
-3246
-2532
-1065
717
2287
3177
3123
2139
520
-1253
-2655
-3267
-2907
-1684
40
1752
2944
3260
2607
1179
-599
-2200
-3146
-3157
-2229
-639
1141
2582
3256
2961
1786
80
-1649
-2889
-3269
-2678
-1290
480
2109
3110
3187
2316
756
-1027
-2506
-3240
-3011
-1886
-200
1544
2830
3275
2746
1400
-361
-2015
-3070
-3213
-2400
-873
912
2427
3220
3056
1983
321
-1436
-2767
-3275
-2809
-1508
240
1919
3026
3234
2480
989
-796
-2344
-3196
-3097
-2078
-440
1327
2701
3272
2870
1614
-120
-1820
-2978
-3251
-2557
-1103
678
2258
3167
3134
2170
560
-1216
-2631
-3263
-2926
-1718
0
1718
2926
3263
2631
1216
-560
-2170
-3134
-3167
-2258
-678
1103
2557
3251
2978
1820
120
-1614
-2870
-3272
-2701
-1327
440
2078
3097
3196
2344
796
-989
-2480
-3234
-3026
-1919
-240
1508
2809
3275
2767
1436
-321
-1983
-3056
-3220
-2427
-912
873
2400
3213
3070
2015
361
-1400
-2746
-3275
-2830
-1544
200
1886
3011
3240
2506
1027
-756
-2316
-3187
-3110
-2109
-480
1290
2678
3269
2889
1649
-80
-1786
-2961
-3256
-2582
-1141
639
2229
3157
3146
2200
599
-1179
-2607
-3260
-2944
-1752
-40
1684
2907
3267
2655
1253
-520
-2139
-3123
-3177
-2287
-717
1065
2532
3246
2994
1853
160
-1579
-2850
-3273
-2723
-1364
401
2047
3084
3204
2372
834
-950
-2454
-3227
-3041
-1951
-281
1472
2789
3276
2789
1472
-281
-1951
-3041
-3227
-2454
-950
834
2372
3204
3084
2047
401
-1364
-2723
-3273
-2850
-1579
160
1853
2994
3246
2532
1065
-717
-2287
-3177
-3123
-2139
-520
1253
2655
3267
2907
1684
-40
-1752
-2944
-3260
-2607
-1179
599
2200
3146
3157
2229
639
-1141
-2582
-3256
-2961
-1786
-80
1649
2889
3269
2678
1290
-480
-2109
-3110
-3187
-2316
-756
1027
2506
3240
3011
1886
200
-1544
-2830
-3275
-2746
-1400
361
2015
3070
3213
2400
873
-912
-2427
-3220
-3056
-1983
-321
1436
2767
3275
2809
1508
-240
-1919
-3026
-3234
-2480
-989
796
2344
3196
3097
2078
440
-1327
-2701
-3272
-2870
-1614
120
1820
2978
3251
2557
1103
-678
-2258
-3167
-3134
-2170
-560
1216
2631
3263
2926
1718
0
-1718
-2926
-3263
-2631
-1216
560
2170
3134
3167
2258
678
-1103
-2557
-3251
-2978
-1820
-120
1614
2870
3272
2701
1327
-440
-2078
-3097
-3196
-2344
-796
989
2480
3234
3026
1919
240
-1508
-2809
-3275
-2767
-1436
321
1983
3056
3220
2427
912
-873
-2400
-3213
-3070
-2015
-361
1400
2746
3275
2830
1544
-200
-1886
-3011
-3240
-2506
-1027
756
2316
3187
3110
2109
480
-1290
-2678
-3269
-2889
-1649
80
1786
2961
3256
2582
1141
-639
-2229
-3157
-3146
-2200
-599
1179
2607
3260
2944
1752
40
-1684
-2907
-3267
-2655
-1253
520
2139
3123
3177
2287
717
-1065
-2532
-3246
-2994
-1853
-160
1579
2850
3273
2723
1364
-401
-2047
-3084
-3204
-2372
-834
950
2454
3227
3041
1951
281
-1472
-2789
-3276
-2789
-1472
281
1951
3041
3227
2454
950
-834
-2372
-3204
-3084
-2047
-401
1364
2723
3273
2850
1579
-160
-1853
-2994
-3246
-2532
-1065
717
2287
3177
3123
2139
520
-1253
-2655
-3267
-2907
-1684
40
1752
2944
3260
2607
1179
-599
-2200
-3146
-3157
-2229
-639
1141
2582
3256
2961
1786
80
-1649
-2889
-3269
-2678
-1290
480
2109
3110
3187
2316
756
-1027
-2506
-3240
-3011
-1886
-200
1544
2830
3275
2746
1400
-361
-2015
-3070
-3213
-2400
-873
912
2427
3220
3056
1983
321
-1436
-2767
-3275
-2809
-1508
240
1919
3026
3234
2480
989
-796
-2344
-3196
-3097
-2078
-440
1327
2701
3272
2870
1614
-120
-1820
-2978
-3251
-2557
-1103
678
2258
3167
3134
2170
560
-1216
-2631
-3263
-2926
-1718
0
1718
2926
3263
2631
1216
-560
-2170
-3134
-3167
-2258
-678
1103
2557
3251
2978
1820
120
-1614
-2870
-3272
-2701
-1327
440
2078
3097
3196
2344
796
-989
-2480
-3234
-3026
-1919
-240
1508
2809
3275
2767
1436
-321
-1983
-3056
-3220
-2427
-912
873
2400
3213
3070
2015
361
-1400
-2746
-3275
-2830
-1544
200
1886
3011
3240
2506
1027
-756
-2316
-3187
-3110
-2109
-480
1290
2678
3269
2889
1649
-80
-1786
-2961
-3256
-2582
-1141
639
2229
3157
3146
2200
599
-1179
-2607
-3260
-2944
-1752
-40
1684
2907
3267
2655
1253
-520
-2139
-3123
-3177
-2287
-717
1065
2532
3246
2994
1853
160
-1579
-2850
-3273
-2723
-1364
401
2047
3084
3204
2372
834
-950
-2454
-3227
-3041
-1951
-281
1472
2789
3276
2789
1472
-281
-1951
-3041
-3227
-2454
-950
834
2372
3204
3084
2047
401
-1364
-2723
-3273
-2850
-1579
160
1853
2994
3246
2532
1065
-717
-2287
-3177
-3123
-2139
-520
1253
2655
3267
2907
1684
-40
-1752
-2944
-3260
-2607
-1179
599
2200
3146
3157
2229
639
-1141
-2582
-3256
-2961
-1786
-80
1649
2889
3269
2678
1290
-480
-2109
-3110
-3187
-2316
-756
1027
2506
3240
3011
1886
200
-1544
-2830
-3275
-2746
-1400
361
2015
3070
3213
2400
873
-912
-2427
-3220
-3056
-1983
-321
1436
2767
3275
2809
1508
-240
-1919
-3026
-3234
-2480
-989
796
2344
3196
3097
2078
440
-1327
-2701
-3272
-2870
-1614
120
1820
2978
3251
2557
1103
-678
-2258
-3167
-3134
-2170
-560
1216
2631
3263
2926
1718
0
-1718
-2926
-3263
-2631
-1216
560
2170
3134
3167
2258
678
-1103
-2557
-3251
-2978
-1820
-120
1614
2870
3272
2701
1327
-440
-2078
-3097
-3196
-2344
-796
989
2480
3234
3026
1919
240
-1508
-2809
-3275
-2767
-1436
321
1983
3056
3220
2427
912
-873
-2400
-3213
-3070
-2015
-361
1400
2746
3275
2830
1544
-200
-1886
-3011
-3240
-2506
-1027
756
2316
3187
3110
2109
480
-1290
-2678
-3269
-2889
-1649
80
1786
2961
3256
2582
1141
-639
-2229
-3157
-3146
-2200
-599
1179
2607
3260
2944
1752
40
-1684
-2907
-3267
-2655
-1253
520
2139
3123
3177
2287
717
-1065
-2532
-3246
-2994
-1853
-160
1579
2850
3273
2723
1364
-401
-2047
-3084
-3204
-2372
-834
950
2454
3227
3041
1951
281
-1472
-2789
-3276
-2789
-1472
281
1951
3041
3227
2454
950
-834
-2372
-3204
-3084
-2047
-401
1364
2723
3273
2850
1579
-160
-1853
-2994
-3246
-2532
-1065
717
2287
3177
3123
2139
520
-1253
-2655
-3267
-2907
-1684
40
1752
2944
3260
2607
1179
-599
-2200
-3146
-3157
-2229
-639
1141
2582
3256
2961
1786
80
-1649
-2889
-3269
-2678
-1290
480
2109
3110
3187
2316
756
-1027
-2506
-3240
-3011
-1886
-200
1544
2830
3275
2746
1400
-361
-2015
-3070
-3213
-2400
-873
912
2427
3220
3056
1983
321
-1436
-2767
-3275
-2809
-1508
240
1919
3026
3234
2480
989
-796
-2344
-3196
-3097
-2078
-440
1327
2701
3272
2870
1614
-120
-1820
-2978
-3251
-2557
-1103
678
2258
3167
3134
2170
560
-1216
-2631
-3263
-2926
-1718
0
1718
2926
3263
2631
1216
-560
-2170
-3134
-3167
-2258
-678
1103
2557
3251
2978
1820
120
-1614
-2870
-3272
-2701
-1327
440
2078
3097
3196
2344
796
-989
-2480
-3234
-3026
-1919
-240
1508
2809
3275
2767
1436
-321
-1983
-3056
-3220
-2427
-912
873
2400
3213
3070
2015
361
-1400
-2746
-3275
-2830
-1544
200
1886
3011
3240
2506
1027
-756
-2316
-3187
-3110
-2109
-480
1290
2678
3269
2889
1649
-80
-1786
-2961
-3256
-2582
-1141
639
2229
3157
3146
2200
599
-1179
-2607
-3260
-2944
-1752
-40
1684
2907
3267
2655
1253
-520
-2139
-3123
-3177
-2287
-717
1065
2532
3246
2994
1853
160
-1579
-2850
-3273
-2723
-1364
401
2047
3084
3204
2372
834
-950
-2454
-3227
-3041
-1951
-281
1472
2789
3276
2789
1472
-281
-1951
-3041
-3227
-2454
-950
834
2372
3204
3084
2047
401
-1364
-2723
-3273
-2850
-1579
160
1853
2994
3246
2532
1065
-717
-2287
-3177
-3123
-2139
-520
1253
2655
3267
2907
1684
-40
-1752
-2944
-3260
-2607
-1179
599
2200
3146
3157
2229
639
-1141
-2582
-3256
-2961
-1786
-80
1649
2889
3269
2678
1290
-480
-2109
-3110
-3187
-2316
-756
1027
2506
3240
3011
1886
200
-1544
-2830
-3275
-2746
-1400
361
2015
3070
3213
2400
873
-912
-2427
-3220
-3056
-1983
-321
1436
2767
3275
2809
1508
-240
-1919
-3026
-3234
-2480
-989
796
2344
3196
3097
2078
440
-1327
-2701
-3272
-2870
-1614
120
1820
2978
3251
2557
1103
-678
-2258
-3167
-3134
-2170
-560
1216
2631
3263
2926
1718
0
-1718
-2926
-3263
-2631
-1216
560
2170
3134
3167
2258
678
-1103
-2557
-3251
-2978
-1820
-120
1614
2870
3272
2701
1327
-440
-2078
-3097
-3196
-2344
-796
989
2480
3234
3026
1919
240
-1508
-2809
-3275
-2767
-1436
321
1983
3056
3220
2427
912
-873
-2400
-3213
-3070
-2015
-361
1400
2746
3275
2830
1544
-200
-1886
-3011
-3240
-2506
-1027
756
2316
3187
3110
2109
480
-1290
-2678
-3269
-2889
-1649
80
1786
2961
3256
2582
1141
-639
-2229
-3157
-3146
-2200
-599
1179
2607
3260
2944
1752
40
-1684
-2907
-3267
-2655
-1253
520
2139
3123
3177
2287
717
-1065
-2532
-3246
-2994
-1853
-160
1579
2850
3273
2723
1364
-401
-2047
-3084
-3204
-2372
-834
950
2454
3227
3041
1951
281
-1472
-2789
-3276
-2789
-1472
281
1951
3041
3227
2454
950
-834
-2372
-3204
-3084
-2047
-401
1364
2723
3273
2850
1579
-160
-1853
-2994
-3246
-2532
-1065
717
2287
3177
3123
2139
520
-1253
-2655
-3267
-2907
-1684
40
1752
2944
3260
2607
1179
-599
-2200
-3146
-3157
-2229
-639
1141
2582
3256
2961
1786
80
-1649
-2889
-3269
-2678
-1290
480
2109
3110
3187
2316
756
-1027
-2506
-3240
-3011
-1886
-200
1544
2830
3275
2746
1400
-361
-2015
-3070
-3213
-2400
-873
912
2427
3220
3056
1983
321
-1436
-2767
-3275
-2809
-1508
240
1919
3026
3234
2480
989
-796
-2344
-3196
-3097
-2078
-440
1327
2701
3272
2870
1614
-120
-1820
-2978
-3251
-2557
-1103
678
2258
3167
3134
2170
560
-1216
-2631
-3263
-2926
-1718
0
1718
2926
3263
2631
1216
-560
-2170
-3134
-3167
-2258
-678
1103
2557
3251
2978
1820
120
-1614
-2870
-3272
-2701
-1327
440
2078
3097
3196
2344
796
-989
-2480
-3234
-3026
-1919
-240
1508
2809
3275
2767
1436
-321
-1983
-3056
-3220
-2427
-912
873
2400
3213
3070
2015
361
-1400
-2746
-3275
-2830
-1544
200
1886
3011
3240
2506
1027
-756
-2316
-3187
-3110
-2109
-480
1290
2678
3269
2889
1649
-80
-1786
-2961
-3256
-2582
-1141
639
2229
3157
3146
2200
599
-1179
-2607
-3260
-2944
-1752
-40
1684
2907
3267
2655
1253
-520
-2139
-3123
-3177
-2287
-717
1065
2532
3246
2994
1853
160
-1579
-2850
-3273
-2723
-1364
401
2047
3084
3204
2372
834
-950
-2454
-3227
-3041
-1951
-281
1472
2789
3276
2789
1472
-281
-1951
-3041
-3227
-2454
-950
834
2372
3204
3084
2047
401
-1364
-2723
-3273
-2850
-1579
160
1853
2994
3246
2532
1065
-717
-2287
-3177
-3123
-2139
-520
1253
2655
3267
2907
1684
-40
-1752
-2944
-3260
-2607
-1179
599
2200
3146
3157
2229
639
-1141
-2582
-3256
-2961
-1786
-80
1649
2889
3269
2678
1290
-480
-2109
-3110
-3187
-2316
-756
1027
2506
3240
3011
1886
200
-1544
-2830
-3275
-2746
-1400
361
2015
3070
3213
2400
873
-912
-2427
-3220
-3056
-1983
-321
1436
2767
3275
2809
1508
-240
-1919
-3026
-3234
-2480
-989
796
2344
3196
3097
2078
440
-1327
-2701
-3272
-2870
-1614
120
1820
2978
3251
2557
1103
-678
-2258
-3167
-3134
-2170
-560
1216
2631
3263
2926
1718
0
-1718
-2926
-3263
-2631
-1216
560
2170
3134
3167
2258
678
-1103
-2557
-3251
-2978
-1820
-120
1614
2870
3272
2701
1327
-440
-2078
-3097
-3196
-2344
-796
989
2480
3234
3026
1919
240
-1508
-2809
-3275
-2767
-1436
321
1983
3056
3220
2427
912
-873
-2400
-3213
-3070
-2015
-361
1400
2746
3275
2830
1544
-200
-1886
-3011
-3240
-2506
-1027
756
2316
3187
3110
2109
480
-1290
-2678
-3269
-2889
-1649
80
1786
2961
3256
2582
1141
-639
-2229
-3157
-3146
-2200
-599
1179
2607
3260
2944
1752
40
-1684
-2907
-3267
-2655
-1253
520
2139
3123
3177
2287
717
-1065
-2532
-3246
-2994
-1853
-160
1579
2850
3273
2723
1364
-401
-2047
-3084
-3204
-2372
-834
950
2454
3227
3041
1951
281
-1472
-2789
-3276
-2789
-1472
281
1951
3041
3227
2454
950
-834
-2372
-3204
-3084
-2047
-401
1364
2723
3273
2850
1579
-160
-1853
-2994
-3246
-2532
-1065
717
2287
3177
3123
2139
520
-1253
-2655
-3267
-2907
-1684
40
1752
2944
3260
2607
1179
-599
-2200
-3146
-3157
-2229
-639
1141
2582
3256
2961
1786
80
-1649
-2889
-3269
-2678
-1290
480
2109
3110
3187
2316
756
-1027
-2506
-3240
-3011
-1886
-200
1544
2830
3275
2746
1400
-361
-2015
-3070
-3213
-2400
-873
912
2427
3220
3056
1983
321
-1436
-2767
-3275
-2809
-1508
240
1919
3026
3234
2480
989
-796
-2344
-3196
-3097
-2078
-440
1327
2701
3272
2870
1614
-120
-1820
-2978
-3251
-2557
-1103
678
2258
3167
3134
2170
560
-1216
-2631
-3263
-2926
-1718
0
1718
2926
3263
2631
1216
-560
-2170
-3134
-3167
-2258
-678
1103
2557
3251
2978
1820
120
-1614
-2870
-3272
-2701
-1327
440
2078
3097
3196
2344
796
-989
-2480
-3234
-3026
-1919
-240
1508
2809
3275
2767
1436
-321
-1983
-3056
-3220
-2427
-912
873
2400
3213
3070
2015
361
-1400
-2746
-3275
-2830
-1544
200
1886
3011
3240
2506
1027
-756
-2316
-3187
-3110
-2109
-480
1290
2678
3269
2889
1649
-80
-1786
-2961
-3256
-2582
-1141
639
2229
3157
3146
2200
599
-1179
-2607
-3260
-2944
-1752
-40
1684
2907
3267
2655
1253
-520
-2139
-3123
-3177
-2287
-717
1065
2532
3246
2994
1853
160
-1579
-2850
-3273
-2723
-1364
401
2047
3084
3204
2372
834
-950
-2454
-3227
-3041
-1951
-281
1472
2789
3276
2789
1472
-281
-1951
-3041
-3227
-2454
-950
834
2372
3204
3084
2047
401
-1364
-2723
-3273
-2850
-1579
160
1853
2994
3246
2532
1065
-717
-2287
-3177
-3123
-2139
-520
1253
2655
3267
2907
1684
-40
-1752
-2944
-3260
-2607
-1179
599
2200
3146
3157
2229
639
-1141
-2582
-3256
-2961
-1786
-80
1649
2889
3269
2678
1290
-480
-2109
-3110
-3187
-2316
-756
1027
2506
3240
3011
1886
200
-1544
-2830
-3275
-2746
-1400
361
2015
3070
3213
2400
873
-912
-2427
-3220
-3056
-1983
-321
1436
2767
3275
2809
1508
-240
-1919
-3026
-3234
-2480
-989
796
2344
3196
3097
2078
440
-1327
-2701
-3272
-2870
-1614
120
1820
2978
3251
2557
1103
-678
-2258
-3167
-3134
-2170
-560
1216
2631
3263
2926
1718
0
-1718
-2926
-3263
-2631
-1216
560
2170
3134
3167
2258
678
-1103
-2557
-3251
-2978
-1820
-120
1614
2870
3272
2701
1327
-440
-2078
-3097
-3196
-2344
-796
989
2480
3234
3026
1919
240
-1508
-2809
-3275
-2767
-1436
321
1983
3056
3220
2427
912
-873
-2400
-3213
-3070
-2015
-361
1400
2746
3275
2830
1544
-200
-1886
-3011
-3240
-2506
-1027
756
2316
3187
3110
2109
480
-1290
-2678
-3269
-2889
-1649
80
1786
2961
3256
2582
1141
-639
-2229
-3157
-3146
-2200
-599
1179
2607
3260
2944
1752
40
-1684
-2907
-3267
-2655
-1253
520
2139
3123
3177
2287
717
-1065
-2532
-3246
-2994
-1853
-160
1579
2850
3273
2723
1364
-401
-2047
-3084
-3204
-2372
-834
950
2454
3227
3041
1951
281
-1472
-2789
-3276
-2789
-1472
281
1951
3041
3227
2454
950
-834
-2372
-3204
-3084
-2047
-401
1364
2723
3273
2850
1579
-160
-1853
-2994
-3246
-2532
-1065
717
2287
3177
3123
2139
520
-1253
-2655
-3267
-2907
-1684
40
1752
2944
3260
2607
1179
-599
-2200
-3146
-3157
-2229
-639
1141
2582
3256
2961
1786
80
-1649
-2889
-3269
-2678
-1290
480
2109
3110
3187
2316
756
-1027
-2506
-3240
-3011
-1886
-200
1544
2830
3275
2746
1400
-361
-2015
-3070
-3213
-2400
-873
912
2427
3220
3056
1983
321
-1436
-2767
-3275
-2809
-1508
240
1919
3026
3234
2480
989
-796
-2344
-3196
-3097
-2078
-440
1327
2701
3272
2870
1614
-120
-1820
-2978
-3251
-2557
-1103
678
2258
3167
3134
2170
560
-1216
-2631
-3263
-2926
-1718
0
1718
2926
3263
2631
1216
-560
-2170
-3134
-3167
-2258
-678
1103
2557
3251
2978
1820
120
-1614
-2870
-3272
-2701
-1327
440
2078
3097
3196
2344
796
-989
-2480
-3234
-3026
-1919
-240
1508
2809
3275
2767
1436
-321
-1983
-3056
-3220
-2427
-912
873
2400
3213
3070
2015
361
-1400
-2746
-3275
-2830
-1544
200
1886
3011
3240
2506
1027
-756
-2316
-3187
-3110
-2109
-480
1290
2678
3269
2889
1649
-80
-1786
-2961
-3256
-2582
-1141
639
2229
3157
3146
2200
599
-1179
-2607
-3260
-2944
-1752
-40
1684
2907
3267
2655
1253
-520
-2139
-3123
-3177
-2287
-717
1065
2532
3246
2994
1853
160
-1579
-2850
-3273
-2723
-1364
401
2047
3084
3204
2372
834
-950
-2454
-3227
-3041
-1951
-281
1472
2789
