74.500000 0.010548 0.287386
74.990000 0.010723 0.055338
75.480000 0.009953 0.988415
75.970000 0.010037 0.520265
76.460000 0.009381 0.209158
76.950000 0.009621 0.395979
77.440000 0.009667 0.482652
77.930000 0.009435 0.143106
78.420000 0.009032 0.488335
78.910000 0.009005 0.557395
79.400000 0.008803 0.240023
79.890000 0.008152 0.394422
80.380000 0.008387 0.386522
80.870000 0.007991 0.915716
81.360000 0.008565 0.924791
81.850000 0.008418 0.772986
82.340000 0.008052 0.961332
82.830000 0.007600 0.349250
83.320000 0.007887 0.274402
83.810000 0.008090 0.257226
84.300000 0.007723 0.792012
84.790000 0.008083 0.996783
85.280000 0.007996 0.950517
85.770000 0.008109 0.843022
86.260000 0.007743 0.931312
86.750000 0.007938 0.201822
87.240000 0.007823 0.352571
87.730000 0.007883 0.065674
88.220000 0.007970 0.559053
88.710000 0.007753 0.370382
89.200000 0.007990 0.634816
89.690000 0.007930 0.036445
90.180000 0.007983 0.886841
90.670000 0.008126 0.534864
91.160000 0.008102 0.284021
91.650000 0.008338 0.218363
92.140000 0.008828 0.852394
92.630000 0.008454 0.235801
93.120000 0.008641 0.398301
93.610000 0.009058 0.349891
94.100000 0.009196 0.449594
94.590000 0.009105 0.186920
95.080000 0.009219 0.358139
95.570000 0.009150 0.963781
96.060000 0.009307 0.160858
96.550000 0.009711 0.223173
97.040000 0.009678 0.663304
97.530000 0.010095 0.139342
98.020000 0.010017 0.554850
98.510000 0.010200 0.361832
99.000000 0.009972 0.935002
99.490000 0.010531 0.477828
99.980000 0.010391 0.917208
100.470000 0.010302 0.599476
100.960000 0.010100 0.581655
101.450000 0.010049 0.994532
101.940000 0.010119 0.572521
102.430000 0.010016 0.843864
102.920000 0.010161 0.810787
103.410000 0.010084 0.111426
103.900000 0.009901 0.051845
104.390000 0.009574 0.368622
104.880000 0.009237 0.591486
105.370000 0.009435 0.995244
105.860000 0.009347 0.709716
106.350000 0.008966 0.309477
106.840000 0.009061 0.294275
107.330000 0.008695 0.696458
107.820000 0.008774 0.501185
108.310000 0.008581 0.735783
108.800000 0.008563 0.048110
109.290000 0.008484 0.749087
109.780000 0.008603 0.039004
110.270000 0.008291 0.530560
110.760000 0.008626 0.798082
111.250000 0.008748 0.678801
111.740000 0.008849 0.222837
112.230000 0.008821 0.357762
112.720000 0.009223 0.619899
113.210000 0.009632 0.910475
113.700000 0.009626 0.472302
114.190000 0.009681 0.358656
114.680000 0.010271 0.610892
115.170000 0.010513 0.289021
115.660000 0.010237 0.110682
116.150000 0.011133 0.117342
116.640000 0.011034 0.569535
117.130000 0.011190 0.179560
117.620000 0.011089 0.949354
118.110000 0.011461 0.995897
118.600000 0.011930 0.631251
119.090000 0.012109 0.475389
119.580000 0.013577 0.588021
120.070000 0.013538 0.381676
120.560000 0.014029 0.021956
121.050000 0.014915 0.384444
121.540000 0.015882 0.408947
122.030000 0.017500 0.129335
122.520000 0.018081 0.139661
123.010000 0.020986 0.491083
