7.450000000000000000e+01 7.596900000000001048e-03 2.873859999999999748e-01
7.842000000000000171e+01 6.884100000000000635e-03 4.883350000000000191e-01
8.234000000000000341e+01 6.698700000000000140e-03 9.613319999999999643e-01
8.626000000000000512e+01 6.677100000000000049e-03 9.313120000000000287e-01
9.018000000000000682e+01 7.060499999999999936e-03 8.868409999999999904e-01
9.409999999999999432e+01 8.202600000000000863e-03 4.495939999999999936e-01
9.801999999999999602e+01 9.304200000000000317e-03 5.548499999999999543e-01
1.019399999999999977e+02 9.462600000000001566e-03 5.725209999999999466e-01
1.058599999999999994e+02 8.787599999999999578e-03 7.097160000000000135e-01
1.097800000000000011e+02 7.897500000000000006e-03 3.900399999999999701e-02
1.137000000000000028e+02 8.343899999999999581e-03 4.723019999999999996e-01
1.176200000000000045e+02 9.452699999999999644e-03 9.493540000000000312e-01
