75.000000 0.008913 0.287386
75.550000 0.008838 0.055338
76.100000 0.008325 0.988415
76.650000 0.008371 0.520265
77.200000 0.008342 0.209158
77.750000 0.008264 0.395979
78.300000 0.007976 0.482652
78.850000 0.008283 0.143106
79.400000 0.007747 0.488335
79.950000 0.008208 0.557395
80.500000 0.007599 0.240023
81.050000 0.007837 0.394422
81.600000 0.007456 0.386522
82.150000 0.007861 0.915716
82.700000 0.008052 0.924791
83.250000 0.007387 0.772986
83.800000 0.007616 0.961332
84.350000 0.007523 0.349250
84.900000 0.007864 0.274402
85.450000 0.007801 0.257226
86.000000 0.007606 0.792012
86.550000 0.007727 0.996783
87.100000 0.007733 0.950517
87.650000 0.007913 0.843022
88.200000 0.008090 0.931312
88.750000 0.008126 0.201822
89.300000 0.008141 0.352571
89.850000 0.008242 0.065674
90.400000 0.008001 0.559053
90.950000 0.008595 0.370382
91.500000 0.008558 0.634816
92.050000 0.008638 0.036445
92.600000 0.008622 0.886841
93.150000 0.008628 0.534864
93.700000 0.009183 0.284021
94.250000 0.009841 0.218363
94.800000 0.009046 0.852394
95.350000 0.009907 0.235801
95.900000 0.010190 0.398301
96.450000 0.010055 0.349891
97.000000 0.010232 0.449594
97.550000 0.010208 0.186920
98.100000 0.010575 0.358139
98.650000 0.010707 0.963781
99.200000 0.010413 0.160858
99.750000 0.010778 0.223173
100.300000 0.010203 0.663304
100.850000 0.010843 0.139342
101.400000 0.010423 0.554850
101.950000 0.010476 0.361832
