75.000000 0.008672 0.287386
75.700000 0.008729 0.055338
76.400000 0.008366 0.988415
77.100000 0.008471 0.520265
77.800000 0.008209 0.209158
78.500000 0.008291 0.395979
79.200000 0.008194 0.482652
79.900000 0.008119 0.143106
80.600000 0.007737 0.488335
81.300000 0.008128 0.557395
82.000000 0.007650 0.240023
82.700000 0.007962 0.394422
83.400000 0.007594 0.386522
84.100000 0.007627 0.915716
84.800000 0.007843 0.924791
85.500000 0.007672 0.772986
86.200000 0.007973 0.961332
86.900000 0.007872 0.349250
87.600000 0.007733 0.274402
88.300000 0.008166 0.257226
89.000000 0.008248 0.792012
89.700000 0.008162 0.996783
90.400000 0.008435 0.950517
91.100000 0.008571 0.843022
91.800000 0.008785 0.931312
92.500000 0.009160 0.201822
93.200000 0.009443 0.352571
93.900000 0.009551 0.065674
94.600000 0.009555 0.559053
95.300000 0.009962 0.370382
96.000000 0.010298 0.634816
96.700000 0.010087 0.036445
97.400000 0.010226 0.886841
98.100000 0.010364 0.534864
98.800000 0.010593 0.284021
99.500000 0.010971 0.218363
100.200000 0.010379 0.852394
100.900000 0.011171 0.235801
101.600000 0.011134 0.398301
102.300000 0.010744 0.349891
103.000000 0.010741 0.449594
103.700000 0.010157 0.186920
104.400000 0.010414 0.358139
105.100000 0.010013 0.963781
105.800000 0.009063 0.160858
106.500000 0.009335 0.223173
107.200000 0.009030 0.663304
107.900000 0.009160 0.139342
108.600000 0.008685 0.554850
109.300000 0.008474 0.361832
110.000000 0.008482 0.935002
110.700000 0.008561 0.477828
111.400000 0.008377 0.917208
112.100000 0.008663 0.599476
112.800000 0.008575 0.581655
113.500000 0.008789 0.994532
114.200000 0.008813 0.572521
114.900000 0.009180 0.843864
115.600000 0.008563 0.810787
116.300000 0.008770 0.111426
117.000000 0.008393 0.051845
117.700000 0.008629 0.368622
118.400000 0.008865 0.591486
119.100000 0.009003 0.995244
119.800000 0.009002 0.709716
120.500000 0.009290 0.309477
121.200000 0.009610 0.294275
121.900000 0.010284 0.696458
122.600000 0.011475 0.501185
123.300000 0.013034 0.735783
