78.0 0.010631 0.843
78.5 0.010321 0.253
79.0 0.010036 0.572
79.5 0.010272 0.637
80.0 0.010357 0.415
80.5 0.010193 0.438
81.0 0.009864 0.163
81.5 0.009740 0.937
82.0 0.009710 0.144
82.5 0.009736 0.661
83.0 0.009540 0.445
83.5 0.009896 0.947
84.0 0.009902 0.809
84.5 0.009773 0.436
85.0 0.009725 0.394
85.5 0.009796 0.550
86.0 0.010008 0.499
86.5 0.009845 0.032
87.0 0.010167 0.435
87.5 0.009886 0.840
88.0 0.009647 0.542
88.5 0.010201 0.015
89.0 0.010109 0.851
89.5 0.010192 0.431
90.0 0.010822 0.864
90.5 0.010702 0.896
91.0 0.011113 0.756
91.5 0.011192 0.952
92.0 0.011566 0.970
92.5 0.011558 0.186
93.0 0.011740 0.815
93.5 0.011880 0.436
94.0 0.012006 0.663
94.5 0.012203 0.986
95.0 0.013035 0.487
95.5 0.012805 0.408
96.0 0.012902 0.899
96.5 0.013242 0.947
97.0 0.013132 0.721
97.5 0.013980 0.896
98.0 0.013811 0.328
98.5 0.013872 0.163
99.0 0.013418 0.694
99.5 0.013688 0.227
100.0 0.013634 0.452
100.5 0.013633 0.857
101.0 0.013725 0.718
101.5 0.014035 0.853
102.0 0.013656 0.130
102.5 0.013743 0.725
103.0 0.013213 0.901
103.5 0.013309 0.787
104.0 0.012841 0.945
104.5 0.012797 0.514
105.0 0.012539 0.561
105.5 0.012559 0.944
106.0 0.011913 0.464
106.5 0.012075 0.301
107.0 0.011262 0.174
107.5 0.011890 0.276
108.0 0.011297 0.508
108.5 0.011150 0.525
109.0 0.010574 0.622
109.5 0.010567 0.378
110.0 0.010593 0.197
110.5 0.010436 0.931
111.0 0.010218 0.227
111.5 0.010265 0.582
112.0 0.010712 0.455
