74.500000 0.008921 0.287386
74.990000 0.008976 0.055338
75.480000 0.008730 0.988415
75.970000 0.008551 0.520265
76.460000 0.008456 0.209158
76.950000 0.008566 0.395979
77.440000 0.008194 0.482652
77.930000 0.008434 0.143106
78.420000 0.007994 0.488335
78.910000 0.008184 0.557395
79.400000 0.007838 0.240023
79.890000 0.008029 0.394422
80.380000 0.007744 0.386522
80.870000 0.008000 0.915716
81.360000 0.008189 0.924791
81.850000 0.007594 0.772986
82.340000 0.007858 0.961332
82.830000 0.007651 0.349250
83.320000 0.007980 0.274402
83.810000 0.007922 0.257226
84.300000 0.007714 0.792012
84.790000 0.007814 0.996783
85.280000 0.007706 0.950517
85.770000 0.007874 0.843022
86.260000 0.007825 0.931312
86.750000 0.007965 0.201822
87.240000 0.007822 0.352571
87.730000 0.007847 0.065674
88.220000 0.007515 0.559053
88.710000 0.008115 0.370382
89.200000 0.007988 0.634816
89.690000 0.008104 0.036445
90.180000 0.007912 0.886841
90.670000 0.007973 0.534864
91.160000 0.008502 0.284021
91.650000 0.008904 0.218363
92.140000 0.008189 0.852394
92.630000 0.008992 0.235801
93.120000 0.009302 0.398301
93.610000 0.009132 0.349891
94.100000 0.009359 0.449594
94.590000 0.009309 0.186920
95.080000 0.009921 0.358139
95.570000 0.009883 0.963781
96.060000 0.009828 0.160858
96.550000 0.010040 0.223173
97.040000 0.009979 0.663304
97.530000 0.010423 0.139342
98.020000 0.010414 0.554850
98.510000 0.010475 0.361832
